0	0	0.0	0.0	
-13	400	0.0	0.0	
-8	250	0.0	0.0	
-16	500	0.0	0.0	
-5	150	0.0	0.0	
-3	100	0.0	0.0	
-11	350	0.0	0.0	
-10	300	0.0	0.0	
-2	50	0.0	0.0	
-15	450	0.0	0.0	
-6	200	0.0	0.0	
-14	450	0.0	0.0	
-7	200	0.0	0.0	
-1	50	0.0	0.0	
-12	350	0.0	0.0	
-9	300	0.0	0.0	
-4	100	0.0	0.0	
-17	500	0.0	0.0	
-4	150	0.0	0.0	
-12	400	0.0	0.0	
-9	250	0.0	0.0	
-1	0	0.0	0.0	
1	0	0.0	0.0	
-14	400	0.0	0.0	
-7	250	0.0	0.0	
-15	500	0.0	0.0	
-6	150	0.0	0.0	
-2	100	0.0	0.0	
-11	300	0.0	0.0	
-10	350	0.0	0.0	
-3	50	0.0	0.0	
-16	450	0.0	0.0	
-5	200	0.0	0.0	
-13	450	0.0	0.0	
-8	200	0.0	0.0	
0	50	0.0	0.0	
-13	350	0.0	0.0	
-8	300	0.0	0.0	
-5	100	0.0	0.0	
-18	500	0.0	0.0	
-3	150	0.0	0.0	
-11	400	0.0	0.0	
-10	250	0.0	0.0	
-2	0	0.0	0.0	
2	0	0.0	0.0	
-15	400	0.0	0.0	
-6	250	0.0	0.0	
-14	500	0.0	0.0	
-7	150	0.0	0.0	
-1	100	0.0	0.0	
-12	300	0.0	0.0	
-9	350	0.0	0.0	
-4	50	0.0	0.0	
-17	450	0.0	0.0	
-4	200	0.0	0.0	
-12	450	0.0	0.0	
-9	200	0.0	0.0	
1	50	0.0	0.0	
-14	350	0.0	0.0	
-7	300	0.0	0.0	
-6	100	0.0	0.0	
-19	500	0.0	0.0	
-2	150	0.0	0.0	
-11	250	0.0	0.0	
-10	400	0.0	0.0	
-3	0	0.0	0.0	
3	0	0.0	0.0	
-16	400	0.0	0.0	
-5	250	0.0	0.0	
-13	500	0.0	0.0	
-8	150	0.0	0.0	
0	100	0.0	0.0	
-13	300	0.0	0.0	
-8	350	0.0	0.0	
-5	50	0.0	0.0	
-18	450	0.0	0.0	
-3	200	0.0	0.0	
-11	450	0.0	0.0	
-10	200	0.0	0.0	
2	50	0.0	0.0	
-15	350	0.0	0.0	
-6	300	0.0	0.0	
-7	100	0.0	0.0	
-20	500	0.0	0.0	
-1	150	0.0	0.0	
-12	250	0.0	0.0	
-9	400	0.0	0.0	
-4	0	0.0	0.0	
4	0	0.0	0.0	
-17	400	0.0	0.0	
-4	250	0.0	0.0	
-12	500	0.0	0.0	
-9	150	0.0	0.0	
1	100	0.0	0.0	
-14	300	0.0	0.0	
-7	350	0.0	0.0	
-6	50	0.0	0.0	
-19	450	0.0	0.0	
-2	200	0.0	0.0	
-11	200	0.0	0.0	
-10	450	0.0	0.0	
3	50	0.0	0.0	
-16	350	0.0	0.0	
-5	300	0.0	0.0	
-8	100	0.0	0.0	
-21	500	0.008372403071979659	1.6527261050095976E-4	
0	150	0.0	0.0	
-13	250	0.0	0.0	
-8	400	0.0	0.0	
-5	0	0.0	0.0	
5	0	0.0	0.0	
-18	400	0.0	0.0	
-3	250	0.0	0.0	
-11	500	0.0	0.0	
-10	150	0.0	0.0	
2	100	0.0	0.0	
-15	300	0.0	0.0	
-6	350	0.0	0.0	
-7	50	0.0	0.0	
-20	450	0.0	0.0	
-1	200	0.0	0.0	
-12	200	0.0	0.0	
-9	450	0.0	0.0	
4	50	0.0	0.0	
-17	350	0.0	0.0	
-4	300	0.0	0.0	
-9	100	0.0	0.0	
-22	500	0.0	0.0	
1	150	0.0	0.0	
-14	250	0.0	0.0	
-7	400	0.0	0.0	
-6	0	0.0	0.0	
6	0	0.0	0.0	
-19	400	0.0	0.0	
-2	250	0.0	0.0	
-11	150	0.0	0.0	
-10	500	0.0	0.0	
3	100	0.0	0.0	
-16	300	0.0	0.0	
-5	350	0.0	0.0	
-8	50	0.0	0.0	
-21	450	0.0	0.0	
0	200	0.0	0.0	
-13	200	0.0	0.0	
-8	450	0.0	0.0	
5	50	0.0	0.0	
-18	350	0.0	0.0	
-3	300	0.0	0.0	
-10	100	0.0	0.0	
-23	500	0.0	0.0	
2	150	0.0	0.0	
-15	250	0.0	0.0	
-6	400	0.0	0.0	
-7	0	0.0	0.0	
7	0	0.0	0.0	
-20	400	0.0	0.0	
-1	250	0.0	0.0	
-12	150	0.0	0.0	
-9	500	0.0	0.0	
4	100	0.0	0.0	
-17	300	0.0	0.0	
-4	350	0.0	0.0	
-9	50	0.0	0.0	
-22	450	0.0	0.0	
1	200	0.0	0.0	
-14	200	0.0	0.0	
-7	450	0.0	0.0	
6	50	0.0	0.0	
-19	350	0.0	0.0	
-2	300	0.0	0.0	
-11	100	0.0	0.0	
-24	500	0.0	0.0	
3	150	0.0	0.0	
-16	250	0.0	0.0	
-5	400	0.0	0.0	
-8	0	0.0	0.0	
8	0	0.0	0.0	
-21	400	0.0	0.0	
0	250	0.0	0.0	
-13	150	0.0	0.0	
-8	500	0.0	0.0	
5	100	0.0	0.0	
-18	300	0.0	0.0	
-3	350	0.0	0.0	
-10	50	0.0	0.0	
-23	450	0.0	0.0	
2	200	0.0	0.0	
-15	200	0.0	0.0	
-6	450	0.0	0.0	
7	50	0.0	0.0	
-20	350	0.0	0.0	
-1	300	0.0	0.0	
-12	100	0.0	0.0	
-25	500	0.0	0.0	
4	150	0.0	0.0	
-17	250	0.0	0.0	
-4	400	0.0	0.0	
-9	0	0.0	0.0	
9	0	0.0	0.0	
-22	400	0.0	0.0	
1	250	0.0	0.0	
-14	150	0.0	0.0	
-7	500	0.0	0.0	
6	100	0.0	0.0	
-19	300	0.0	0.0	
-2	350	0.0	0.0	
-11	50	0.0	0.0	
-24	450	0.0	0.0	
3	200	0.0	0.0	
-16	200	0.0	0.0	
-5	450	0.0	0.0	
8	50	0.0	0.0	
-21	350	0.0038813694314324696	7.25664781203376E-5	
0	300	0.0	0.0	
-13	100	0.0	0.0	
-26	500	0.0	0.0	
5	150	0.0	0.0	
-18	250	0.0	0.0	
-3	400	0.0	0.0	
-10	0	0.0	0.0	
10	0	0.0	0.0	
-23	400	0.0	0.0	
2	250	0.0	0.0	
-15	150	0.0	0.0	
-6	500	0.0	0.0	
7	100	0.0	0.0	
-20	300	0.0	0.0	
-1	350	0.0	0.0	
-12	50	0.0	0.0	
-25	450	0.0	0.0	
4	200	0.0	0.0	
-17	200	0.0	0.0	
-4	450	0.0	0.0	
9	50	0.0	0.0	
-22	350	0.0	0.0	
1	300	0.0	0.0	
-14	100	0.0	0.0	
-27	500	0.0	0.0	
6	150	0.0	0.0	
-19	250	0.0	0.0	
-2	400	0.0	0.0	
-11	0	0.0	0.0	
11	0	0.0	0.0	
-24	400	0.0	0.0	
3	250	0.0	0.0	
-16	150	0.0	0.0	
-5	500	0.0	0.0	
8	100	0.0	0.0	
-21	300	0.0	0.0	
0	350	0.0	0.0	
-13	50	0.0	0.0	
-26	450	0.0	0.0	
5	200	0.0	0.0	
-18	200	0.0	0.0	
-3	450	0.0	0.0	
10	50	0.0	0.0	
-23	350	0.0	0.0	
2	300	0.0	0.0	
-15	100	0.0	0.0	
-28	500	0.0	0.0	
7	150	0.0	0.0	
-20	250	0.0	0.0	
-1	400	0.0	0.0	
-12	0	0.0	0.0	
12	0	0.0	0.0	
-25	400	0.0	0.0	
4	250	0.0	0.0	
-17	150	0.0	0.0	
-4	500	0.0	0.0	
9	100	0.0	0.0	
-22	300	0.0	0.0	
1	350	0.0	0.0	
-14	50	0.0	0.0	
-27	450	0.0	0.0	
6	200	0.0	0.0	
-19	200	0.0	0.0	
-2	450	0.0	0.0	
11	50	0.0	0.0	
-24	350	0.0	0.0	
3	300	0.0	0.0	
-16	100	0.0	0.0	
-29	500	0.0	0.0	
8	150	0.0	0.0	
-21	250	0.0	0.0	
0	400	0.0	0.0	
-13	0	0.0	0.0	
13	0	0.0	0.0	
-26	400	0.0	0.0	
5	250	0.0	0.0	
-18	150	0.0	0.0	
-3	500	0.0	0.0	
10	100	0.0	0.0	
-23	300	0.0	0.0	
2	350	0.0	0.0	
-15	50	0.0	0.0	
-28	450	0.0	0.0	
7	200	0.0	0.0	
-20	200	0.0	0.0	
-1	450	0.0	0.0	
12	50	0.0	0.0	
-25	350	0.0	0.0	
4	300	0.0	0.0	
-17	100	0.0	0.0	
-30	500	0.0	0.0	
9	150	0.0	0.0	
-22	250	0.0	0.0	
1	400	0.0	0.0	
-14	0	0.0	0.0	
14	0	0.0	0.0	
-27	400	0.0	0.0	
6	250	0.0	0.0	
-19	150	0.0	0.0	
-2	500	0.0	0.0	
11	100	0.0	0.0	
-24	300	0.0	0.0	
3	350	0.0	0.0	
-16	50	0.0	0.0	
-29	450	0.0	0.0	
8	200	0.0	0.0	
-21	200	0.0	0.0	
0	450	0.0	0.0	
13	50	0.0	0.0	
-26	350	0.0	0.0	
5	300	0.0	0.0	
-18	100	0.0	0.0	
-31	500	0.0	0.0	
10	150	0.0	0.0	
-23	250	0.0	0.0	
2	400	0.0	0.0	
-15	0	0.0	0.0	
15	0	0.0	0.0	
-28	400	0.0	0.0	
7	250	0.0	0.0	
-20	150	0.0	0.0	
-1	500	0.0	0.0	
12	100	0.0	0.0	
-25	300	0.0	0.0	
4	350	0.0	0.0	
-17	50	0.0	0.0	
-30	450	0.0	0.0	
9	200	0.0	0.0	
-22	200	0.0	0.0	
1	450	0.0	0.0	
14	50	0.0	0.0	
-27	350	0.0	0.0	
6	300	0.0	0.0	
-19	100	0.0	0.0	
-32	500	0.0	0.0	
11	150	0.0	0.0	
-24	250	0.0	0.0	
3	400	0.0	0.0	
-16	0	0.0	0.0	
16	0	0.0	0.0	
-29	400	0.0	0.0	
8	250	0.0	0.0	
-21	150	0.0	0.0	
0	500	0.0	0.0	
13	100	0.0	0.0	
-26	300	0.0	0.0	
5	350	0.0	0.0	
-18	50	0.0	0.0	
-31	450	0.01723836366105234	3.438260257420459E-4	
10	200	0.0	0.0	
-23	200	0.0	0.0	
2	450	0.0	0.0	
15	50	0.0	0.0	
-28	350	5.102500640303348E-4	9.539687154616673E-6	
7	300	0.0	0.0	
-20	100	0.0	0.0	
-33	500	0.0	0.0	
12	150	0.0	0.0	
-25	250	0.0	0.0	
4	400	0.0	0.0	
-17	0	0.0	0.0	
17	0	0.0	0.0	
-30	400	0.0	0.0	
9	250	0.0	0.0	
-22	150	0.0	0.0	
1	500	0.0	0.0	
14	100	0.0	0.0	
-27	300	0.0	0.0	
6	350	0.0	0.0	
-19	50	0.0	0.0	
-32	450	0.0	0.0	
11	200	0.0	0.0	
-24	200	0.0	0.0	
3	450	0.0	0.0	
16	50	0.0	0.0	
-29	350	0.0	0.0	
8	300	0.0	0.0	
-21	100	0.0	0.0	
-34	500	0.0	0.0	
13	150	0.0	0.0	
-26	250	0.0	0.0	
5	400	0.0	0.0	
-18	0	0.0	0.0	
18	0	0.0	0.0	
-31	400	0.0	0.0	
10	250	0.0	0.0	
-23	150	0.0	0.0	
2	500	0.0	0.0	
15	100	0.0	0.0	
-28	300	0.0	0.0	
7	350	0.0	0.0	
-20	50	0.0	0.0	
-33	450	0.0	0.0	
12	200	0.0	0.0	
-25	200	0.0	0.0	
4	450	0.0	0.0	
17	50	0.0	0.0	
-30	350	0.0	0.0	
9	300	0.0	0.0	
-22	100	0.0	0.0	
-35	500	0.0	0.0	
14	150	0.0	0.0	
-27	250	0.0	0.0	
6	400	0.0	0.0	
-19	0	0.0	0.0	
19	0	0.0	0.0	
-32	400	0.0	0.0	
11	250	0.0	0.0	
-24	150	0.0	0.0	
3	500	0.0	0.0	
16	100	0.0	0.0	
-29	300	0.0	0.0	
8	350	0.0	0.0	
-21	50	0.0	0.0	
-34	450	0.0	0.0	
13	200	0.0	0.0	
-26	200	0.0	0.0	
5	450	0.0	0.0	
18	50	0.0	0.0	
-31	350	0.0	0.0	
10	300	0.0	0.0	
-23	100	0.0	0.0	
-36	500	0.0	0.0	
15	150	0.0	0.0	
-28	250	0.0	0.0	
7	400	0.0	0.0	
-20	0	0.0	0.0	
20	0	0.0	0.0	
-33	400	0.0	0.0	
12	250	0.0	0.0	
-25	150	0.0	0.0	
4	500	0.0	0.0	
17	100	0.0	0.0	
-30	300	0.0012315461106167669	2.2541539391224753E-5	
9	350	0.0	0.0	
-22	50	0.0	0.0	
-35	450	0.0	0.0	
14	200	0.0	0.0	
-27	200	0.0	0.0	
6	450	0.0	0.0	
19	50	0.0	0.0	
-32	350	0.0	0.0	
11	300	0.0	0.0	
-24	100	0.0	0.0	
-37	500	0.0	0.0	
16	150	0.0	0.0	
-29	250	0.0	0.0	
8	400	0.0	0.0	
-21	0	0.0	0.0	
21	0	0.0	0.0	
-34	400	0.027979244408751647	5.361423402927766E-4	
13	250	0.0	0.0	
-26	150	0.0	0.0	
5	500	0.0	0.0	
18	100	0.0	0.0	
-31	300	0.0	0.0	
10	350	0.0	0.0	
-23	50	0.0	0.0	
-36	450	0.0	0.0	
15	200	0.0	0.0	
-28	200	0.0	0.0	
7	450	0.0	0.0	
20	50	0.0	0.0	
-33	350	0.0035932525935852924	6.71798163817198E-5	
12	300	0.0	0.0	
-25	100	0.0	0.0	
-38	500	0.02804016501625209	5.535174586402102E-4	
17	150	0.0	0.0	
-30	250	0.0	0.0	
9	400	0.0	0.0	
-22	0	0.0	0.0	
22	0	0.0	0.0	
-35	400	0.018232738911751256	3.4937838803952316E-4	
14	250	0.0	0.0	
-27	150	0.0	0.0	
6	500	0.0	0.0	
19	100	0.0	0.0	
-32	300	0.002268779949183196	4.152649434207684E-5	
11	350	0.0	0.0	
-24	50	0.0	0.0	
-37	450	0.0	0.0	
16	200	0.0	0.0	
-29	200	0.0	0.0	
8	450	0.0	0.0	
21	50	0.0	0.0	
-34	350	0.0	0.0	
13	300	0.0	0.0	
-26	100	0.0	0.0	
-39	500	0.013643205905672764	2.6931912334453447E-4	
18	150	0.0	0.0	
-31	250	0.0	0.0	
10	400	0.0	0.0	
-23	0	0.0	0.0	
23	0	0.0	0.0	
-36	400	0.026418865691378576	5.062421369472651E-4	
15	250	0.0	0.0	
-28	150	0.0	0.0	
7	500	0.0	0.0	
20	100	0.0	0.0	
-33	300	0.0	0.0	
12	350	0.0	0.0	
-25	50	0.0	0.0	
-38	450	0.0	0.0	
17	200	0.0	0.0	
-30	200	0.0	0.0	
9	450	0.0	0.0	
22	50	0.0	0.0	
-35	350	3.420961418379908E-5	6.39586430260945E-7	
14	300	0.0	0.0	
-27	100	0.0	0.0	
-40	500	0.0	0.0	
19	150	0.0	0.0	
-32	250	0.0	0.0	
11	400	0.0	0.0	
-24	0	0.0	0.0	
24	0	0.0	0.0	
-37	400	0.0	0.0	
16	250	0.0	0.0	
-29	150	0.0	0.0	
8	500	0.0	0.0	
21	100	0.0	0.0	
-34	300	0.0	0.0	
13	350	0.0	0.0	
-26	50	0.0	0.0	
-39	450	0.0	0.0	
18	200	0.0	0.0	
-31	200	0.0	0.0	
10	450	0.0	0.0	
23	50	0.0	0.0	
-36	350	0.03434667737207071	6.421489775856777E-4	
15	300	0.0	0.0	
-28	100	0.0	0.0	
-41	500	0.0	0.0	
20	150	0.0	0.0	
-33	250	0.0	0.0	
12	400	0.0	0.0	
-25	0	0.0	0.0	
25	0	0.0	0.0	
-38	400	0.0	0.0	
17	250	0.0	0.0	
-30	150	0.0	0.0	
9	500	0.0	0.0	
22	100	0.0	0.0	
-35	300	0.0	0.0	
14	350	0.0	0.0	
-27	50	0.0	0.0	
-40	450	0.0010889021949738375	2.1718587766281614E-5	
19	200	0.0	0.0	
-32	200	0.0	0.0	
11	450	0.0	0.0	
24	50	0.0	0.0	
-37	350	0.004477694109830484	8.37154250299381E-5	
16	300	0.0	0.0	
-29	100	0.0	0.0	
-42	500	0.0017829973240969382	3.5196659756617455E-5	
21	150	0.0	0.0	
-34	250	0.0	0.0	
13	400	0.0	0.0	
-26	0	0.0	0.0	
26	0	0.0	0.0	
-39	400	0.02125734688160474	4.0733636473592755E-4	
18	250	0.0	0.0	
-31	150	0.0	0.0	
10	500	0.0	0.0	
23	100	0.0	0.0	
-36	300	0.0	0.0	
15	350	0.0	0.0	
-28	50	0.0	0.0	
-41	450	0.01289903863358875	2.5727646060166637E-4	
20	200	0.0	0.0	
-33	200	0.0	0.0	
12	450	0.0	0.0	
25	50	0.0	0.0	
-38	350	0.0	0.0	
17	300	0.0	0.0	
-30	100	0.0	0.0	
-43	500	0.0	0.0	
22	150	0.0	0.0	
-35	250	0.0	0.0	
14	400	0.0	0.0	
-27	0	0.0	0.0	
27	0	0.0	0.0	
-40	400	0.0	0.0	
19	250	0.0	0.0	
-32	150	0.0	0.0	
11	500	0.0	0.0	
24	100	0.0	0.0	
-37	300	0.0	0.0	
16	350	0.0	0.0	
-29	50	0.0	0.0	
-42	450	0.0485583128332637	9.685148803259923E-4	
21	200	0.0	0.0	
-34	200	0.0	0.0	
13	450	0.0	0.0	
26	50	0.0	0.0	
-39	350	0.024676890855860067	4.613616642280923E-4	
18	300	0.0	0.0	
-31	100	0.0	0.0	
-44	500	0.02552193600227892	5.038072046784173E-4	
23	150	0.0	0.0	
-36	250	0.0	0.0	
15	400	0.0	0.0	
-28	0	0.0	0.0	
28	0	0.0	0.0	
-41	400	0.0087112175597907	1.669256146118386E-4	
20	250	0.0	0.0	
-33	150	0.0	0.0	
12	500	0.0	0.0	
25	100	0.0	0.0	
-38	300	0.0	0.0	
17	350	0.0	0.0	
-30	50	0.0	0.0	
-43	450	0.002433618302292799	4.853948585276324E-5	
22	200	0.0	0.0	
-35	200	0.0	0.0	
14	450	0.0	0.0	
27	50	0.0	0.0	
-40	350	0.005723008877574457	1.0699795673501076E-4	
19	300	0.0	0.0	
-32	100	0.0	0.0	
-45	500	0.017791706223299154	3.5121120035798095E-4	
24	150	0.0	0.0	
-37	250	0.0	0.0	
16	400	0.0	0.0	
-29	0	0.0	0.0	
29	0	0.0	0.0	
-42	400	0.0	0.0	
21	250	0.0	0.0	
-34	150	0.0	0.0	
13	500	0.0	0.0	
26	100	0.0	0.0	
-39	300	0.035674691743274964	6.529698419477797E-4	
18	350	0.0	0.0	
-31	50	0.0	0.0	
-44	450	0.0025973188757434968	5.180455895876889E-5	
23	200	0.0	0.0	
-36	200	0.0	0.0	
15	450	0.0	0.0	
28	50	0.0	0.0	
-41	350	5.149729658702063E-4	9.627987008336357E-6	
20	300	0.0	0.0	
-33	100	0.0	0.0	
-46	500	0.09776661024280202	0.0019299289290950442	
25	150	0.0	0.0	
-38	250	0.0	0.0	
17	400	0.0	0.0	
-30	0	0.0	0.0	
30	0	0.0	0.0	
-43	400	0.03759542888594366	7.204090622588694E-4	
22	250	0.0	0.0	
-35	150	0.0	0.0	
14	500	0.0	0.0	
27	100	0.0	0.0	
-40	300	2.910056713567566E-4	5.326406983391781E-6	
19	350	0.0	0.0	
-32	50	0.0	0.0	
-45	450	0.06358537693657737	0.0012682356560795936	
24	200	0.0	0.0	
-37	200	0.0	0.0	
16	450	0.0	0.0	
29	50	0.0	0.0	
-42	350	0.0	0.0	
21	300	0.0	0.0	
-34	100	0.0	0.0	
-47	500	0.045793384349502454	9.03968921473165E-4	
26	150	0.0	0.0	
-39	250	8.382844918012557E-4	1.5486206351902295E-5	
18	400	0.0	0.0	
-31	0	0.0	0.0	
31	0	0.0	0.0	
-44	400	0.024586282750312455	4.711259167788433E-4	
23	250	0.0	0.0	
-36	150	0.0	0.0	
15	500	0.0	0.0	
28	100	0.0	0.0	
-41	300	0.0	0.0	
20	350	0.0	0.0	
-33	50	0.0	0.0	
-46	450	0.003534077857302638	7.048858976590085E-5	
25	200	0.0	0.0	
-38	200	0.0	0.0	
17	450	0.0	0.0	
30	50	0.0	0.0	
-43	350	0.03153793141132126	5.896363770958324E-4	
22	300	0.0	0.0	
-35	100	0.0	0.0	
-48	500	0.023939592132156323	4.725714770292566E-4	
27	150	0.0	0.0	
-40	250	0.01784852025970301	3.2972799869402937E-4	
19	400	0.0	0.0	
-32	0	0.0	0.0	
32	0	0.0	0.0	
-45	400	0.008505618595082759	1.6298589742398597E-4	
24	250	0.0	0.0	
-37	150	3.6982248520710064E-4	6.794685230249328E-6	
16	500	0.0	0.0	
29	100	0.0	0.0	
-42	300	5.124487277274061E-4	9.379578306057352E-6	
21	350	0.0	0.0	
-34	50	0.0	0.0	
-47	450	0.04172255620806203	8.321729931494763E-4	
26	200	0.0	0.0	
-39	200	5.445630087727007E-5	1.020158104554948E-6	
18	450	0.0	0.0	
31	50	0.0	0.0	
-44	350	0.0	0.0	
23	300	0.0	0.0	
-36	100	0.0	0.0	
-49	500	0.00885347144322646	1.7476897908974586E-4	
28	150	0.0	0.0	
-41	250	0.01649196922158828	3.046674977440576E-4	
20	400	0.0	0.0	
-33	0	0.0	0.0	
33	0	0.0	0.0	
-46	400	0.024646655185724134	4.72282782144395E-4	
25	250	0.0	0.0	
-38	150	0.0010405827263267429	1.911844834817292E-5	
17	500	0.0	0.0	
30	100	0.0	0.0	
-43	300	0.012394777523174283	2.2686715777469032E-4	
22	350	0.0	0.0	
-35	50	0.0	0.0	
-48	450	0.07841076368463033	0.0015639338966955867	
27	200	0.0	0.0	
-40	200	0.00170425519459798	3.1926695735675484E-5	
19	450	0.0	0.0	
32	50	0.0	0.0	
-45	350	0.02125559721201659	3.973968098809012E-4	
24	300	0.0	0.0	
-37	100	0.0	0.0	
-50	500	0.01599908681247434	3.158245990304297E-4	
29	150	0.0	0.0	
-42	250	0.019423483742644288	3.5882338305588386E-4	
21	400	0.0	0.0	
-34	0	0.0	0.0	
34	0	0.0	0.0	
-47	400	0.02384890473239834	4.569961722285843E-4	
26	250	0.0	0.0	
-39	150	0.00125	2.2966036078242726E-5	
18	500	0.0	0.0	
31	100	0.0	0.0	
-44	300	0.020672824122515514	3.7838394784274064E-4	
23	350	0.0	0.0	
-36	50	0.0	0.0	
-49	450	0.012025364314475795	2.3985067850077076E-4	
28	200	0.0	0.0	
-41	200	0.0	0.0	
20	450	0.0	0.0	
33	50	0.0	0.0	
-46	350	0.04704422858938892	8.795436881049822E-4	
25	300	0.0	0.0	
-38	100	0.0	0.0	
-51	500	0.09234205894617038	0.0018228473963638817	
30	150	0.0	0.0	
-43	250	0.01998550038136884	3.6920590322131046E-4	
22	400	0.0	0.0	
-35	0	0.0	0.0	
35	0	0.0	0.0	
-48	400	0.060521653034662996	0.0011597246952902754	
27	250	0.0	0.0	
-40	150	0.0	0.0	
19	500	0.0	0.0	
32	100	0.0	0.0	
-45	300	0.03861837391402751	7.068493735668057E-4	
24	350	0.0	0.0	
-37	50	0.0	0.0	
-50	450	0.06340805155803081	0.0012646988308119716	
29	200	0.0	0.0	
-42	200	0.025300242087878157	4.7396254606644133E-4	
21	450	0.0	0.0	
34	50	0.0	0.0	
-47	350	0.053440348991685746	9.991262064474888E-4	
26	300	0.0	0.0	
-39	100	0.0	0.0	
-52	500	0.20705305540131547	0.004087261289760608	
31	150	0.0	0.0	
-44	250	0.007878592253227821	1.4554665699924633E-4	
23	400	0.0	0.0	
-36	0	0.0	0.0	
36	0	0.0	0.0	
-49	400	0.1472660054920622	0.002821932561030367	
28	250	0.0	0.0	
-41	150	0.0	0.0	
20	500	0.0	0.0	
33	100	0.0	0.0	
-46	300	0.0013441665097949746	2.4602880937794747E-5	
25	350	0.0	0.0	
-38	50	0.0	0.0	
-51	450	0.018234078265204418	3.636859499117872E-4	
30	200	0.0	0.0	
-43	200	0.1684027777777778	0.0031547765054176454	
22	450	0.0	0.0	
35	50	0.0	0.0	
-48	350	0.020982976416645958	3.922998637303487E-4	
27	300	0.0	0.0	
-40	100	0.0	0.0	
-53	500	0.089262181771505	0.001762050115547	
32	150	0.0	0.0	
-45	250	0.004628892639419697	8.551271948360253E-5	
24	400	0.0	0.0	
-37	0	0.0	0.0	
37	0	0.0	0.0	
-50	400	0.032601798298982014	6.247203885285033E-4	
29	250	0.0	0.0	
-42	150	0.0	0.0	
21	500	0.0	0.0	
34	100	0.0	0.0	
-47	300	0.06519583668682583	0.0011933085640487688	
26	350	0.0	0.0	
-39	50	0.0	0.0	
-52	450	0.2710239067150337	0.0054056797129446565	
31	200	0.0	0.0	
-44	200	0.0	0.0	
23	450	0.0	0.0	
36	50	0.0	0.0	
-49	350	0.033241133136296695	6.21479609978804E-4	
28	300	0.0	0.0	
-41	100	0.0	0.0	
-54	500	0.14195908034237198	0.0028022955405743156	
33	150	0.0	0.0	
-46	250	0.022619514286500067	4.1786585490548534E-4	
25	400	0.0	0.0	
-38	0	0.0	0.0	
38	0	0.0	0.0	
-51	400	0.13299343514755063	0.00254843949757558	
30	250	0.0	0.0	
-43	150	0.0	0.0	
22	500	0.0	0.0	
35	100	0.0	0.0	
-48	300	0.10269991711795734	0.0018797625255221485	
27	350	0.0	0.0	
-40	50	0.0	0.0	
-53	450	0.18753101907202363	0.0037403808307263395	
32	200	0.0	0.0	
-45	200	0.010134556638481108	1.898559014156811E-4	
24	450	0.0	0.0	
37	50	0.0	0.0	
-50	350	0.037221725563129214	6.959011713247739E-4	
29	300	0.0	0.0	
-42	100	0.0	0.0	
-55	500	0.16253758033496482	0.0032085185072339485	
34	150	0.0	0.0	
-47	250	0.09782257242659778	0.0018071437051365138	
26	400	0.0	0.0	
-39	0	0.0	0.0	
39	0	0.0	0.0	
-52	400	0.08476445905291675	0.0016242688611014455	
31	250	0.0	0.0	
-44	150	0.0	0.0	
23	500	0.0	0.0	
36	100	0.0	0.0	
-49	300	0.04303217599177074	7.876371674973889E-4	
28	350	0.0	0.0	
-41	50	0.0	0.0	
-54	450	0.18628884151322417	0.0037156051048102576	
33	200	0.0	0.0	
-46	200	0.004285767181357537	8.028749756894407E-5	
25	450	0.0	0.0	
38	50	0.0	0.0	
-51	350	0.10848635469974491	0.002028271934364358	
30	300	0.0	0.0	
-43	100	0.0	0.0	
-56	500	0.31735857654266014	0.006264710377551389	
35	150	0.0	0.0	
-48	250	0.055065254111083456	0.001017258336906403	
27	400	0.0	0.0	
-40	0	0.0	0.0	
40	0	0.0	0.0	
-53	400	0.12789376775574107	0.0024507189312080223	
32	250	0.0	0.0	
-45	150	0.05925201644277783	0.0010886271578667735	
24	500	0.0	0.0	
37	100	0.0	0.0	
-50	300	0.08241165894706962	0.0015084174603265223	
29	350	0.0	0.0	
-42	50	0.0	0.0	
-55	450	0.29241920294131357	0.005832417413558087	
34	200	0.0	0.0	
-47	200	0.09676194408489094	0.0018126916422980279	
26	450	0.0	0.0	
39	50	0.0	0.0	
-52	350	0.13384603616304142	0.0025023991213159657	
31	300	0.0	0.0	
-44	100	0.0	0.0	
-57	500	0.38145532202038657	0.007529990651165188	
36	150	0.0	0.0	
-49	250	0.07471567069306115	0.0013802740064859094	
28	400	0.0	0.0	
-41	0	0.0	0.0	
41	0	0.0	0.0	
-54	400	0.22633609330626508	0.004337085054376542	
33	250	0.0	0.0	
-46	150	0.046847739357700514	8.607254978184493E-4	
25	500	0.0	0.0	
38	100	0.0	0.0	
-51	300	0.16759408049820598	0.00306754942808795	
30	350	0.0	0.0	
-43	50	0.0	0.0	
-56	450	0.19311981823680666	0.0038518516549461194	
35	200	0.0	0.0	
-48	200	0.041383503162147804	7.752586104019045E-4	
27	450	0.0	0.0	
40	50	0.0	0.0	
-53	350	0.156610628123573	0.0029280082506723164	
32	300	0.0	0.0	
-45	100	0.0	0.0	
-58	500	0.36102879627797757	0.007126767681142228	
37	150	0.0	0.0	
-50	250	0.019946260802559852	3.6848100347600804E-4	
29	400	0.0	0.0	
-42	0	0.0	0.0	
42	0	0.0	0.0	
-55	400	0.29632632419026006	0.005678248012016652	
34	250	0.0	0.0	
-47	150	0.021111111111111112	3.878708315436549E-4	
26	500	0.0	0.0	
39	100	0.0	0.0	
-52	300	0.1104827459318473	0.0020222151229288337	
31	350	0.0	0.0	
-44	50	0.0	0.0	
-57	450	0.38536407267235834	0.007686239841317825	
36	200	0.0	0.0	
-49	200	0.05271101012220676	9.874626683997203E-4	
28	450	0.0	0.0	
41	50	0.0	0.0	
-54	350	0.21973436475856156	0.004108176058534475	
33	300	0.0	0.0	
-46	100	0.05857385398981324	0.001083656180034903	
-59	500	0.7215398622973989	0.01424331528202419	
38	150	0.0	0.0	
-51	250	0.11610774959871302	0.0021449383674951306	
30	400	0.0	0.0	
-43	0	0.0	0.0	
43	0	0.0	0.0	
-56	400	0.28691706984025944	0.005497946515167031	
35	250	0.0	0.0	
-48	150	0.06928873984118547	0.0012730301592069116	
27	500	0.0	0.0	
40	100	0.0	0.0	
-53	300	0.17827714975593303	0.0032630864237523966	
32	350	0.0	0.0	
-45	50	0.0	0.0	
-58	450	0.4698217186759582	0.00937078121310448	
37	200	0.0	0.0	
-50	200	0.14932073363006096	0.0027973026837447156	
29	450	0.0	0.0	
42	50	0.0	0.0	
-55	350	0.25561799981552213	0.004779060153501464	
34	300	0.0	0.0	
-47	100	0.0	0.0	
-60	500	0.4649548742696945	0.009178285514331797	
39	150	0.0	0.0	
-52	250	0.06740552232967226	0.0012452286046853705	
31	400	0.0	0.0	
-44	0	0.0	0.0	
44	0	0.0	0.0	
-57	400	0.25787583632729066	0.00494145418559712	
36	250	0.0	0.0	
-49	150	0.0721155171813229	0.001324966055509916	
28	500	0.0	0.0	
41	100	0.0	0.0	
-54	300	0.270571815162993	0.004952396972450601	
33	350	0.0	0.0	
-46	50	0.0	0.0	
-59	450	0.2666153649923521	0.00531774959326327	
38	200	0.0	0.0	
-51	200	0.08284050983604681	0.0015518942001802678	
30	450	0.0	0.0	
43	50	0.0	0.0	
-56	350	0.29510036631467856	0.005517226497961694	
35	300	0.0	0.0	
-48	100	0.0	0.0	
-61	500	0.5703698898854751	0.01125919522054593	
40	150	0.0	0.0	
-53	250	0.18500861529472798	0.003417791479331257	
32	400	0.0	0.0	
-45	0	0.0	0.0	
45	0	0.0	0.0	
-58	400	0.5306613293105644	0.010168609374971174	
37	250	0.0	0.0	
-50	150	0.012045082179847085	2.2130223352621336E-4	
29	500	0.0	0.0	
42	100	0.0	0.0	
-55	300	0.08344617060809896	0.0015273525900441549	
34	350	0.0	0.0	
-47	50	0.0	0.0	
-60	450	0.6348065934667091	0.012661470220612633	
39	200	0.0	0.0	
-52	200	0.02831498099937582	5.304392123867057E-4	
31	450	0.0	0.0	
44	50	0.0	0.0	
-57	350	0.2744699997634452	0.005131519064180492	
36	300	0.0	0.0	
-49	100	0.13074957840632542	0.00241895622407933	
-62	500	0.7333555560112733	0.014476559014819064	
41	150	0.0	0.0	
-54	250	0.2311673464198757	0.004270513487357485	
33	400	0.0	0.0	
-46	0	0.0	0.0	
46	0	0.0	0.0	
-59	400	0.4176281036361993	0.008002650306936443	
38	250	0.0	0.0	
-51	150	0.0404396700692997	7.429911374430155E-4	
30	500	0.0	0.0	
43	100	0.0	0.0	
-56	300	0.1458514948543874	0.0026695851565660634	
35	350	0.0	0.0	
-48	50	0.0	0.0	
-61	450	0.6053729626294884	0.01207440473615572	
40	200	0.0	0.0	
-53	200	0.23528940291102424	0.004407798315874315	
32	450	0.0	0.0	
45	50	0.0	0.0	
-58	350	0.3770707920302717	0.007049753923986701	
37	300	0.0	0.0	
-50	100	0.0	0.0	
-63	500	0.8086722725973283	0.01596332335923983	
42	150	0.0	0.0	
-55	250	0.15662867836247182	0.002893509372379086	
34	400	0.0	0.0	
-47	0	0.0	0.0	
47	0	0.0	0.0	
-60	400	0.7032090231500868	0.013474993315715006	
39	250	0.0	0.0	
-52	150	0.15377540766897493	0.002825289248377729	
31	500	0.0	0.0	
44	100	0.0	0.0	
-57	300	0.27264687779865104	0.004990377772144345	
36	350	0.0	0.0	
-49	50	0.0	0.0	
-62	450	0.6661230467398129	0.013286089348097177	
41	200	0.0	0.0	
-54	200	0.11521538747715822	0.0021583895602670594	
33	450	0.0	0.0	
46	50	0.0	0.0	
-59	350	0.5136483520589119	0.00960322189363824	
38	300	0.0	0.0	
-51	100	0.12679587964217945	0.002345810104984823	
-64	500	0.8254260327161854	0.016294045333175525	
43	150	0.0	0.0	
-56	250	0.31110653305547054	0.005747285098844664	
35	400	0.0	0.0	
-48	0	0.0	0.0	
48	0	0.0	0.0	
-61	400	0.7087042626747171	0.013580293892677087	
40	250	0.0	0.0	
-53	150	0.12303893374531501	0.0022605732731387366	
32	500	0.0	0.0	
45	100	0.0	0.0	
-58	300	0.5072635802164425	0.009284672231603376	
37	350	0.0	0.0	
-50	50	0.0	0.0	
-63	450	0.7228501583332901	0.01441753417166114	
42	200	0.0	0.0	
-55	200	0.25100450563878013	0.00470219747911835	
34	450	0.0	0.0	
47	50	0.0	0.0	
-60	350	0.5499292361195824	0.010281532996429477	
39	300	0.0	0.0	
-52	100	0.4195630347045136	0.007762201810227756	
-65	500	0.8677992419674619	0.017130499436979918	
44	150	0.0	0.0	
-57	250	0.4075475677225045	0.007528906706129197	
36	400	0.0	0.0	
-49	0	0.0	0.0	
49	0	0.0	0.0	
-62	400	0.5528219991590502	0.010593255345443	
41	250	0.0	0.0	
-54	150	0.13724551243411506	0.0025215883121110375	
33	500	0.0	0.0	
46	100	0.0	0.0	
-59	300	0.5403873446856917	0.009890951310504693	
38	350	0.0	0.0	
-51	50	1.0	0.018518518518518517	
-64	450	0.95923170499635	0.01913225822238675	
43	200	0.0	0.0	
-56	200	0.17784110694463343	0.003331589616809941	
35	450	0.0	0.0	
48	50	0.0	0.0	
-61	350	0.3223892525193933	0.006027422293205018	
40	300	0.0	0.0	
-53	100	0.24634940932894894	0.004557631804690382	
-66	500	1.331023015171901	0.026274612732220485	
45	150	0.0	0.0	
-58	250	0.4145538010632715	0.007658337676552563	
37	400	0.0	0.0	
-50	0	0.0	0.0	
50	0	0.0	0.0	
-63	400	0.7638122611398203	0.01463628135374982	
42	250	0.0	0.0	
-55	150	0.31745625123323357	0.005832569375268903	
34	500	0.0	0.0	
47	100	0.0	0.0	
-60	300	0.4097306899234585	0.007499484109513286	
39	350	0.0	0.0	
-52	50	0.0	0.0	
-65	450	0.8833511364510304	0.017618790075005095	
44	200	0.0	0.0	
-57	200	0.4208777169460081	0.007884520377847924	
36	450	0.0	0.0	
49	50	0.0	0.0	
-62	350	0.635311266489449	0.011877844130466067	
41	300	0.0	0.0	
-54	100	0.3674841915085818	0.00679870775214247	
-67	500	1.237718832316048	0.024432772852000826	
46	150	0.0	0.0	
-59	250	0.4130557254344256	0.007630662694436153	
38	400	0.0	0.0	
-51	0	0.0	0.0	
51	0	0.0	0.0	
-64	400	0.8211503502695521	0.015735002135656092	
43	250	0.0	0.0	
-56	150	0.1264809962246144	0.002323813698005261	
35	500	0.0	0.0	
48	100	0.0	0.0	
-61	300	0.7701709823604205	0.014096784023913855	
40	350	0.0	0.0	
-53	50	0.0	0.0	
-66	450	1.2162055487314074	0.024257703835922937	
45	200	0.0	0.0	
-58	200	0.33785220345829187	0.006329160408388758	
37	450	0.0	0.0	
50	50	0.0	0.0	
-63	350	0.8351376603712176	0.015613818738308447	
42	300	0.0	0.0	
-55	100	0.24976260966042574	0.004620778334770942	
-68	500	1.3507126468297697	0.026663289292094813	
47	150	0.0	0.0	
-60	250	0.5167515779456177	0.009546307544759198	
39	400	0.0	0.0	
-52	0	0.0	0.0	
52	0	0.0	0.0	
-65	400	1.328270480639064	0.025452511641411144	
44	250	0.0	0.0	
-57	150	0.5414655657525601	0.009948254174559523	
36	500	0.0	0.0	
49	100	0.0	0.0	
-62	300	0.6927344899161673	0.012679429261714788	
41	350	0.0	0.0	
-54	50	0.0	0.0	
-67	450	1.3230568597621883	0.02638889577150355	
46	200	0.0	0.0	
-59	200	0.6110707404919828	0.01144750484933307	
38	450	0.0	0.0	
51	50	0.0	0.0	
-64	350	0.8487677311610426	0.01586864792971151	
43	300	0.0	0.0	
-56	100	0.08333333333333333	0.0015417234058950672	
-69	500	1.411621463848932	0.027865639334817015	
48	150	0.0	0.0	
-61	250	0.7808789184180452	0.014425713686397475	
40	400	0.0	0.0	
-53	0	0.0	0.0	
53	0	0.0	0.0	
-66	400	1.1684098001267724	0.02238923809054116	
45	250	0.0	0.0	
-58	150	0.26328024063822336	0.004837202804148691	
37	500	0.0	0.0	
50	100	0.0	0.0	
-63	300	0.9900160030039369	0.018120705783789028	
42	350	0.0	0.0	
-55	50	0.0	0.0	
-68	450	1.5603949348866468	0.03112269816318184	
47	200	0.0	0.0	
-60	200	0.49694488634909195	0.00930952608163234	
39	450	0.0	0.0	
52	50	0.0	0.0	
-65	350	0.8825786873292468	0.016500781009118528	
44	300	0.0	0.0	
-57	100	0.8059970644013198	0.014911494471242744	
-70	500	1.6708779104623661	0.03298340413336171	
49	150	0.0	0.0	
-62	250	0.5890701961633218	0.010882299151137774	
41	400	0.0	0.0	
-54	0	0.0	0.0	
54	0	0.0	0.0	
-67	400	1.508636034342116	0.02890870254699219	
46	250	0.0	0.0	
-59	150	0.4451335658469752	0.008178362826302773	
38	500	0.0	0.0	
51	100	0.0	0.0	
-64	300	0.8340459191075626	0.01526591556546581	
43	350	0.0	0.0	
-56	50	0.0	0.0	
-69	450	1.4995457948420938	0.029909037841198433	
48	200	0.0	0.0	
-61	200	0.3749779968051032	0.007024657134399216	
40	450	0.0	0.0	
53	50	0.0	0.0	
-66	350	1.0461755589496524	0.01955940477959957	
45	300	0.0	0.0	
-58	100	0.5330918260082765	0.009862561747779608	
-71	500	1.580076747806407	0.031190974282618248	
50	150	0.0	0.0	
-63	250	0.7037776399957364	0.013001368706475757	
42	400	0.0	0.0	
-55	0	0.0	0.0	
55	0	0.0	0.0	
-68	400	1.3977227397883047	0.026783365906626656	
47	250	0.0	0.0	
-60	150	0.2770524090391074	0.005090236497244961	
39	500	0.0	0.0	
52	100	0.0	0.0	
-65	300	1.1123916170045323	0.02036060139122044	
44	350	0.0	0.0	
-57	50	0.0	0.0	
-70	450	1.8194769940423279	0.036290192972554335	
49	200	0.0	0.0	
-62	200	0.38578188925082846	0.007227052050353689	
41	450	0.0	0.0	
54	50	0.0	0.0	
-67	350	1.6227524976125423	0.03033914593624855	
46	300	0.0	0.0	
-59	100	0.6286244052276783	0.011629979508676525	
-72	500	1.9162960742222415	0.03782799895759967	
51	150	0.0	0.0	
-64	250	1.0521075581215005	0.01943630701607736	
43	400	0.0	0.0	
-56	0	0.0	0.0	
56	0	0.0	0.0	
-69	400	1.2790906394354704	0.024510120389777693	
48	250	0.0	0.0	
-61	150	0.5921023246381771	0.01087859467972141	
40	500	0.0	0.0	
53	100	0.0	0.0	
-66	300	1.165672886448127	0.021335832301069002	
45	350	0.0	0.0	
-58	50	0.0	0.0	
-71	450	2.558151790882201	0.05102335585895341	
50	200	0.0	0.0	
-63	200	0.7104314182199458	0.013308879915676636	
42	450	0.0	0.0	
55	50	0.0	0.0	
-68	350	1.4124889714795308	0.026408037641049497	
47	300	0.0	0.0	
-60	100	0.2257142857142857	0.0041758679679672105	
-73	500	2.126092570144584	0.04196941621342714	
52	150	0.0	0.0	
-65	250	1.0064544844309762	0.01859292636585095	
44	400	0.0	0.0	
-57	0	0.0	0.0	
57	0	0.0	0.0	
-70	400	1.6858376730319808	0.03230426605410328	
49	250	0.0	0.0	
-62	150	0.9809967590238983	0.018023685568305626	
41	500	0.0	0.0	
54	100	0.0	0.0	
-67	300	1.2772212240649643	0.023377551425297582	
46	350	0.0	0.0	
-59	50	2.0	0.037037037037037035	
-72	450	1.0597923421364481	0.02113798016292604	
51	200	0.0	0.0	
-64	200	0.9668578955531071	0.018112650000307734	
43	450	0.0	0.0	
56	50	0.0	0.0	
-69	350	1.8087659982999538	0.03381687328639638	
48	300	0.0	0.0	
-61	100	0.3587584466073242	0.00663727553036481	
-74	500	1.814424649261393	0.03581704031239542	
53	150	0.0	0.0	
-66	250	1.2122493278330457	0.022394716142772473	
45	400	0.0	0.0	
-58	0	0.0	0.0	
58	0	0.0	0.0	
-71	400	1.0452928387198612	0.02003005301555786	
50	250	0.0	0.0	
-63	150	0.6849489408308762	0.012584449669500836	
42	500	0.0	0.0	
55	100	0.0	0.0	
-68	300	1.2154077418985179	0.02224615160912187	
47	350	0.0	0.0	
-60	50	0.0	0.0	
-73	450	1.7133065335631783	0.03417258087226984	
52	200	0.0	0.0	
-65	200	0.9552325428938918	0.017894866244478697	
44	450	0.0	0.0	
57	50	0.0	0.0	
-70	350	1.6796421197688296	0.03140276010501241	
49	300	0.0	0.0	
-62	100	0.866693860912915	0.01603442653338006	
-75	500	2.8783184356588625	0.05681847823433778	
54	150	0.0	0.0	
-67	250	0.9837038876569927	0.01817263893393892	
46	400	0.0	0.0	
-59	0	0.0	0.0	
59	0	0.0	0.0	
-72	400	1.7854828361111919	0.03421368112449143	
51	250	0.0	0.0	
-64	150	1.252486037036188	0.02301171161125468	
43	500	0.0	0.0	
56	100	0.0	0.0	
-69	300	1.6443414544271773	0.030097117231795013	
48	350	0.0	0.0	
-61	50	2.0	0.037037037037037035	
-74	450	1.9523756241323222	0.03894090905610258	
53	200	0.0	0.0	
-66	200	1.1412867341542448	0.021380315825940986	
45	450	0.0	0.0	
58	50	0.0	0.0	
-71	350	3.3478419328440467	0.06259159367893917	
50	300	0.0	0.0	
-63	100	0.6704828902347019	0.012404389981524157	
-76	500	2.0234398528217823	0.03994303472879265	
55	150	0.0	0.0	
-68	250	1.4532031285016307	0.026846021534824877	
47	400	0.0	0.0	
-60	0	0.0	0.0	
60	0	0.0	0.0	
-73	400	1.8808061891803047	0.03604028104450367	
52	250	0.0	0.0	
-65	150	0.9778589670185494	0.017966035452784933	
44	500	0.0	0.0	
57	100	0.0	0.0	
-70	300	1.8547205780918181	0.033947780444724074	
49	350	0.0	0.0	
-62	50	0.0	0.0	
-75	450	1.8153890851004773	0.036208658001329226	
54	200	0.0	0.0	
-67	200	0.8100687891266297	0.015175438418724494	
46	450	0.0	0.0	
59	50	0.0	0.0	
-72	350	2.1709562544738246	0.04058841919676355	
51	300	0.0	0.0	
-64	100	0.8389973776391506	0.015522022735090334	
-77	500	1.7562310721755965	0.03466828955151211	
56	150	0.0	0.0	
-69	250	1.6548404209945866	0.030571006012439565	
48	400	0.0	0.0	
-61	0	0.0	0.0	
61	0	0.0	0.0	
-74	400	1.9567595995111362	0.037495711311778944	
53	250	0.0	0.0	
-66	150	0.8056375663716161	0.014801841132222562	
45	500	0.0	0.0	
58	100	0.0	0.0	
-71	300	1.802171869690713	0.032985957927345266	
50	350	0.0	0.0	
-63	50	2.0	0.037037037037037035	
-76	450	1.764333628028822	0.03519033658506557	
55	200	0.0	0.0	
-68	200	1.6187524517102962	0.030324928544122512	
47	450	0.0	0.0	
60	50	0.0	0.0	
-73	350	1.8938542279657244	0.0354076914925522	
52	300	0.0	0.0	
-65	100	1.0308832341966974	0.019072041730870255	
-78	500	2.1969346770907197	0.04336785102929985	
57	150	0.0	0.0	
-70	250	1.8722123955827232	0.03458666810152237	
49	400	0.0	0.0	
-62	0	54.0	1.0	
62	0	0.0	0.0	
-75	400	2.15376607442182	0.04127077796362913	
54	250	0.0	0.0	
-67	150	2.2392638082184724	0.04114161072659891	
46	500	0.0	0.0	
59	100	0.0	0.0	
-72	300	2.0436527069330337	0.0374058897171486	
51	350	0.0	0.0	
-64	50	1.0	0.018518518518518517	
-77	450	2.18631510992927	0.043606925230679106	
56	200	0.0	0.0	
-69	200	1.1792571792856503	0.022091635851545784	
48	450	0.0	0.0	
61	50	0.0	0.0	
-74	350	1.850967301362314	0.034605873145704874	
53	300	0.0	0.0	
-66	100	1.1464940596611621	0.02121092071799123	
-79	500	1.6266052927401298	0.03210945539465927	
58	150	0.0	0.0	
-71	250	2.06009349293368	0.03805752491881462	
50	400	0.0	0.0	
-63	0	0.0	0.0	
63	0	0.0	0.0	
-76	400	1.871560659471946	0.03586311686298863	
55	250	0.0	0.0	
-68	150	1.104206750174549	0.020287401649878273	
47	500	0.0	0.0	
60	100	0.0	0.0	
-73	300	2.2840592549020573	0.041806158309802575	
52	350	0.0	0.0	
-65	50	3.0	0.05555555555555555	
-78	450	1.511904530620115	0.03015553774625344	
57	200	0.0	0.0	
-70	200	1.4157223743227676	0.026521460890634535	
49	450	0.0	0.0	
62	50	0.0	0.0	
-75	350	2.288893614499589	0.04279338808907573	
54	300	0.0	0.0	
-67	100	1.1759852554462003	0.021756527919706756	
-80	500	1.6551136089179714	0.03267221423405	
59	150	0.0	0.0	
-72	250	2.1294103283652217	0.039338062525859134	
51	400	0.0	0.0	
-64	0	0.0	0.0	
64	0	0.0	0.0	
-77	400	1.9608737074340132	0.03757454644462829	
56	250	0.0	0.0	
-69	150	1.2944022679071752	0.02378183134761231	
48	500	0.0	0.0	
61	100	0.0	0.0	
-74	300	2.154930864590857	0.03944266361672312	
53	350	0.0	0.0	
-66	50	2.0	0.037037037037037035	
-79	450	1.7724305404509213	0.03535183272667219	
58	200	0.0	0.0	
-71	200	1.7046492020458575	0.03193407688137822	
50	450	0.0	0.0	
63	50	0.0	0.0	
-76	350	1.979096319416774	0.03700138631431295	
55	300	0.0	0.0	
-68	100	1.6253755361621856	0.03007055408964583	
-81	500	2.19573604324099	0.043344189800417716	
60	150	0.0	0.0	
-73	250	2.09833982658619	0.03876407576275758	
52	400	0.0	0.0	
-65	0	0.0	0.0	
65	0	0.0	0.0	
-78	400	1.9295818884378175	0.03697492806953769	
57	250	0.0	0.0	
-70	150	1.8165571456230678	0.033375293555655196	
49	500	0.0	0.0	
62	100	0.0	0.0	
-75	300	1.8558896750355787	0.033969178949077874	
54	350	0.0	0.0	
-67	50	0.0	0.0	
-80	450	2.149813944641876	0.0428788949580568	
59	200	0.0	0.0	
-72	200	2.160111162367199	0.04046648181254463	
51	450	0.0	0.0	
64	50	0.0	0.0	
-77	350	2.128164344182552	0.039788377284563234	
56	300	0.0	0.0	
-69	100	1.6387777204448162	0.030318503624029637	
-82	500	1.4323588496550586	0.028274998733507993	
61	150	0.0	0.0	
-74	250	2.1806902003590998	0.04028539089369038	
53	400	0.0	0.0	
-66	0	0.0	0.0	
66	0	0.0	0.0	
-79	400	2.233993865589657	0.04280811453658498	
58	250	0.0	0.0	
-71	150	1.5615173862695335	0.02868949170389551	
50	500	0.0	0.0	
63	100	0.0	0.0	
-76	300	2.040936237897349	0.03735616896918386	
55	350	0.0	0.0	
-68	50	2.0	0.037037037037037035	
-81	450	1.9861288340453356	0.039614130264833014	
60	200	0.0	0.0	
-73	200	2.0075652045845613	0.037608759333381335	
52	450	0.0	0.0	
65	50	0.0	0.0	
-78	350	1.924658317639865	0.035983607889804405	
57	300	0.0	0.0	
-70	100	1.7523651091049088	0.032419947652570814	
-83	500	1.5045672120380185	0.02970040365589777	
62	150	0.0	0.0	
-75	250	2.8699487042703766	0.053018537606732676	
54	400	0.0	0.0	
-67	0	0.0	0.0	
67	0	0.0	0.0	
-80	400	2.268105762786778	0.04346177165926877	
59	250	0.0	0.0	
-72	150	1.938332065779109	0.03561264332343821	
51	500	0.0	0.0	
64	100	0.0	0.0	
-77	300	2.377154492885203	0.043510122096494706	
56	350	0.0	0.0	
-69	50	2.0	0.037037037037037035	
-82	450	1.4309157305458533	0.02854018388746087	
61	200	0.0	0.0	
-74	200	1.6119325608890047	0.030197167995178867	
53	450	0.0	0.0	
66	50	0.0	0.0	
-79	350	2.049114942107081	0.038310461613954586	
58	300	0.0	0.0	
-71	100	1.3678243706064432	0.02530568216781171	
-84	500	1.473177685897456	0.029080769259054017	
63	150	0.0	0.0	
-76	250	1.9519320641306142	0.036059384404295854	
55	400	0.0	0.0	
-68	0	0.0	0.0	
68	0	0.0	0.0	
-81	400	1.832182861993726	0.03510855379519741	
60	250	0.0	0.0	
-73	150	2.0310262715686953	0.03731569810296437	
52	500	0.0	0.0	
65	100	0.0	0.0	
-78	300	2.6704005450254766	0.04887753577159509	
57	350	0.0	0.0	
-70	50	0.0	0.0	
-83	450	1.6433618016496208	0.03277750534954107	
62	200	0.0	0.0	
-75	200	2.632086386153405	0.049308238265664384	
54	450	0.0	0.0	
67	50	0.0	0.0	
-80	350	1.7758379004462295	0.03320124621593616	
59	300	0.0	0.0	
-72	100	1.6546436002248288	0.030612033202573188	
-85	500	1.2001111711974355	0.02369039145033249	
64	150	0.0	0.0	
-77	250	1.8000090754519964	0.03325280647605645	
56	400	0.0	0.0	
-69	0	0.0	0.0	
69	0	0.0	0.0	
-82	400	1.558122196295294	0.029856963561266953	
61	250	0.0	0.0	
-74	150	1.6359299501782467	0.03005666100581715	
53	500	0.0	0.0	
66	100	0.0	0.0	
-79	300	1.9832902596285695	0.03630104884116802	
58	350	0.0	0.0	
-71	50	1.0	0.018518518518518517	
-84	450	1.5235176780151891	0.030387166594194864	
63	200	0.0	0.0	
-76	200	2.3239309535057107	0.04353540285426394	
55	450	0.0	0.0	
68	50	0.0	0.0	
-81	350	1.8311213248027585	0.03423483074708058	
60	300	0.0	0.0	
-73	100	2.180679919211132	0.040344063266558	
-86	500	1.467011662981615	0.02895905095488871	
65	150	0.0	0.0	
-78	250	2.1172226508662604	0.03911291117146178	
57	400	0.0	0.0	
-70	0	0.0	0.0	
70	0	0.0	0.0	
-83	400	1.4692520803657088	0.028154021507489593	
62	250	0.0	0.0	
-75	150	1.8101931678833865	0.033258369281758675	
54	500	1.0475955083339044E-5	2.067970723851994E-7	
67	100	0.0	0.0	
-80	300	1.864751924548939	0.03413138866642271	
59	350	0.0	0.0	
-72	50	1.0	0.018518518518518517	
-85	450	1.496357201866476	0.029845440084933856	
64	200	0.0	0.0	
-77	200	2.277746354481733	0.042670202827069334	
56	450	0.0	0.0	
69	50	0.0	0.0	
-82	350	1.7780527719503685	0.03324265567911245	
61	300	0.0	0.0	
-74	100	2.9955037008280354	0.055418858016142526	
-87	500	1.1452996205398327	0.02260840244611155	
66	150	0.0	0.0	
-79	250	2.0135185940724205	0.037197114757778926	
58	400	0.0	0.0	
-71	0	0.0	0.0	
71	0	0.0	0.0	
-84	400	1.5801616539306451	0.030279286845726505	
63	250	0.0	0.0	
-76	150	2.176422568688902	0.03998703938720882	
55	500	1.0475955083339044E-5	2.067970723851994E-7	
68	100	0.0	0.0	
-81	300	1.9076395116302363	0.034916379358410264	
60	350	0.0	0.0	
-73	50	1.0	0.018518518518518517	
-86	450	1.2618727814220412	0.025168554971876946	
65	200	0.0	0.0	
-78	200	2.0786419208184075	0.03894027629180507	
57	450	0.0	0.0	
70	50	0.0	0.0	
-83	350	1.6725881300703476	0.03127087799531921	
62	300	0.0	0.0	
-75	100	2.553237076638162	0.047236624342225815	
-88	500	1.0322849456908236	0.02037747421957594	
67	150	0.0	0.0	
-80	250	1.7193748721125277	0.031763195342665335	
59	400	0.0	0.0	
-72	0	0.0	0.0	
72	0	0.0	0.0	
-85	400	1.1187036960516963	0.021436762513419715	
64	250	0.0	0.0	
-77	150	2.181697737975064	0.04008395916972469	
56	500	0.0	0.0	
69	100	0.0	0.0	
-82	300	1.5966373415314123	0.029223967513166298	
61	350	0.0	0.0	
-74	50	3.0	0.05555555555555555	
-87	450	0.892793962268239	0.017807130995079815	
66	200	0.0	0.0	
-79	200	2.092657075898218	0.039202829454817116	
58	450	0.0	0.0	
71	50	0.0	0.0	
-84	350	1.83570247233131	0.034320480347761334	
63	300	0.0	0.0	
-76	100	2.087900300849117	0.038627577155933235	
-89	500	0.9231054812456244	0.018222253675746078	
68	150	0.0	0.0	
-81	250	1.7488987878839197	0.03230861095803659	
60	400	0.0	0.0	
-73	0	0.0	0.0	
73	0	0.0	0.0	
-86	400	1.2955648007571885	0.024825800658921197	
65	250	0.0	0.0	
-78	150	2.553989648001788	0.046924014719574	
57	500	0.0	0.0	
70	100	0.0	0.0	
-83	300	1.7702063064063518	0.03240087792284892	
62	350	0.0	0.0	
-75	50	1.0	0.018518518518518517	
-88	450	1.057616668779942	0.021094585491703826	
67	200	0.0	0.0	
-80	200	1.7289622240254003	0.03238954532156025	
59	450	0.0	0.0	
72	50	0.0	0.0	
-85	350	1.3832226860473462	0.02586087218849571	
64	300	0.0	0.0	
-77	100	1.9515099051022824	0.036104261970387005	
-90	500	0.7422575388293449	0.014652285616408672	
69	150	0.0	0.0	
-82	250	1.8094222238550657	0.033426702044943545	
61	400	0.0	0.0	
-74	0	0.0	0.0	
74	0	0.0	0.0	
-87	400	1.389511139650524	0.02662601403353457	
66	250	0.0	0.0	
-79	150	2.1716301318894793	0.03989898876605823	
58	500	0.0	0.0	
71	100	0.0	0.0	
-84	300	1.4008558201839973	0.025640490745644784	
63	350	0.0	0.0	
-76	50	4.0	0.07407407407407407	
-89	450	0.978126704212181	0.019509126503768723	
68	200	0.0	0.0	
-81	200	2.332356042693836	0.04369323441605574	
60	450	0.0	0.0	
73	50	0.0	0.0	
-86	350	0.9142286960004744	0.01709251279407812	
65	300	0.0	0.0	
-78	100	2.3970449442849984	0.04434696354703943	
-91	500	0.8156746427308363	0.016101551294721343	
70	150	0.0	0.0	
-83	250	1.493103883017702	0.02758313563400706	
62	400	0.0	0.0	
-75	0	0.0	0.0	
75	0	0.0	0.0	
-88	400	2.114592227982047	0.04052012303522369	
67	250	0.0	0.0	
-80	150	2.1443800220324367	0.039398327161167895	
59	500	9.413436360539992E-5	1.8582277844432933E-6	
72	100	0.0	0.0	
-85	300	1.1944661583549092	0.02186284843736611	
64	350	0.0	0.0	
-77	50	2.0	0.037037037037037035	
-90	450	0.7247512387482303	0.014455451977349492	
69	200	0.0	0.0	
-82	200	1.7378229518354666	0.03255553792741254	
61	450	0.0	0.0	
74	50	0.0	0.0	
-87	350	1.330572261893378	0.024876514497250285	
66	300	0.0	0.0	
-79	100	1.767011393209157	0.03269091388072571	
-92	500	0.490052415653108	0.009673715099593251	
71	150	0.0	0.0	
-84	250	1.957976292219014	0.0361710435896087	
63	400	0.0	0.0	
-76	0	0.0	0.0	
76	0	0.0	0.0	
-89	400	0.9862507593973401	0.01889868012638052	
68	250	0.0	0.0	
-81	150	1.911934648371568	0.035127648090995	
60	500	6.994811102187912E-5	1.380787189628632E-6	
73	100	0.0	0.0	
-86	300	1.2384626965147967	0.022668136757031176	
65	350	0.0	0.0	
-78	50	2.0	0.037037037037037035	
-91	450	0.7695866563499437	0.015349712230212786	
70	200	0.0	0.0	
-83	200	2.108834566709551	0.039505890773648515	
62	450	0.0	0.0	
75	50	0.0	0.0	
-88	350	1.0122616954836163	0.01892534773487349	
67	300	0.0	0.0	
-80	100	1.7928410033069997	0.03316877925416156	
-93	500	0.40196129394449337	0.007934781901851495	
72	150	0.0	0.0	
-85	250	1.545638065791599	0.02855363574813538	
64	400	0.0	0.0	
-77	0	0.0	0.0	
77	0	0.0	0.0	
-90	400	0.7398677000735641	0.014177452200975046	
69	250	0.0	0.0	
-82	150	2.461871586220055	0.045231545335304345	
61	500	0.0	0.0	
74	100	0.0	0.0	
-87	300	1.124787961982547	0.02058749723882227	
66	350	0.0	0.0	
-79	50	2.0	0.037037037037037035	
-92	450	0.5227686858976497	0.0104268295523131	
71	200	0.0	0.0	
-84	200	2.560795675632138	0.047972712441358756	
63	450	0.0	0.0	
76	50	0.0	0.0	
-89	350	0.908769843600645	0.016990453533749436	
68	300	0.0	0.0	
-81	100	1.8059237383800544	0.033410818760664596	
-94	500	0.3255536847076641	0.00642648315749564	
73	150	0.0	0.0	
-86	250	1.670847662084977	0.03086671879381022	
65	400	0.0	0.0	
-78	0	0.0	0.0	
78	0	0.0	0.0	
-91	400	0.8866136763555608	0.01698941988684181	
70	250	0.0	0.0	
-83	150	1.445829818436572	0.026563983818570756	
62	500	6.994811102187912E-5	1.380787189628632E-6	
75	100	0.0	0.0	
-88	300	1.2315083556079969	0.022540848344409642	
67	350	0.0	0.0	
-80	50	3.0	0.05555555555555555	
-93	450	0.5114230805467269	0.01020053693694967	
72	200	0.0	0.0	
-85	200	1.5073139397616542	0.02823729315037504	
64	450	0.0	0.0	
77	50	0.0	0.0	
-90	350	0.9177352072050552	0.01715807088461835	
69	300	0.0	0.0	
-82	100	1.4594987333264309	0.027001720296522737	
-95	500	0.3558774007099078	0.0070250782873160595	
74	150	0.0	0.0	
-87	250	1.0931231820988214	0.02019401686610691	
66	400	0.0	0.0	
-79	0	0.0	0.0	
79	0	0.0	0.0	
-92	400	0.619824439686667	0.011877165830837227	
71	250	0.0	0.0	
-84	150	2.3584366864704154	0.043331153623784625	
63	500	1.0475955083339044E-5	2.067970723851994E-7	
76	100	0.0	0.0	
-89	300	1.0530364056484398	0.019274196405387006	
68	350	0.0	0.0	
-81	50	3.0	0.05555555555555555	
-94	450	0.4511206106152028	0.008997780167997769	
73	200	0.0	0.0	
-86	200	1.0837910012527177	0.020303218466188044	
65	450	7.333168558337331E-5	1.4626296620057115E-6	
78	50	0.0	0.0	
-91	350	0.6942403209516712	0.012979587733292046	
70	300	0.0	0.0	
-83	100	1.2390155279659858	0.022922630876791136	
-96	500	0.2686098465225841	0.005302402447586971	
75	150	0.0	0.0	
-88	250	1.0030833815609468	0.01853064966242943	
67	400	0.0	0.0	
-80	0	0.0	0.0	
80	0	0.0	0.0	
-93	400	0.6543308825796712	0.012538383295382038	
72	250	0.0	0.0	
-85	150	1.4917490610093442	0.027407650203860247	
64	500	1.0475955083339044E-5	2.067970723851994E-7	
77	100	0.0	0.0	
-90	300	0.9198736208476009	0.016836858385188943	
69	350	0.0	0.0	
-82	50	3.0	0.05555555555555555	
-95	450	0.22407890097887778	0.004469342884921463	
74	200	0.0	0.0	
-87	200	1.6995774187869315	0.03183906453730072	
66	450	7.333168558337331E-5	1.4626296620057115E-6	
79	50	0.0	0.0	
-92	350	0.6886746565383504	0.01287553150468272	
71	300	0.0	0.0	
-84	100	1.831675193965913	0.03388723822241562	
-97	500	0.28924344270134655	0.0057097130220025395	
76	150	0.0	0.0	
-89	250	0.887310239404997	0.016391892728512273	
68	400	0.0	0.0	
-81	0	0.0	0.0	
81	0	0.0	0.0	
-94	400	0.46321015436640706	0.008876100175589563	
73	250	0.0	0.0	
-86	150	1.6449919059736529	0.03022315476880654	
65	500	0.0	0.0	
78	100	0.0	0.0	
-91	300	1.0945979580415885	0.020034916091279584	
70	350	0.0	0.0	
-83	50	3.0	0.05555555555555555	
-96	450	0.2207081940463877	0.004402112793288248	
75	200	0.0	0.0	
-88	200	1.0576838031809221	0.019814138795495973	
67	450	0.0	0.0	
80	50	0.0	0.0	
-93	350	0.437798436069048	0.008185124140681876	
72	300	0.0	0.0	
-85	100	1.9292416984782847	0.03569228498607271	
-98	500	0.41501369011972933	0.008192438344168947	
77	150	0.0	0.0	
-90	250	0.6600316361489931	0.012193218669981472	
69	400	0.0	0.0	
-82	0	0.0	0.0	
82	0	0.0	0.0	
-95	400	0.34673722845995164	0.00664422907271226	
74	250	0.0	0.0	
-87	150	0.9222422282642376	0.016944198629756355	
66	500	2.095191016667809E-5	4.135941447703988E-7	
79	100	0.0	0.0	
-92	300	0.9650658292284146	0.01766403159178725	
71	350	0.0	0.0	
-84	50	1.0	0.018518518518518517	
-97	450	0.3660998004348969	0.0073020062625133485	
76	200	0.0	0.0	
-89	200	0.8532280196975686	0.015983962650888722	
68	450	0.0	0.0	
81	50	0.0	0.0	
-94	350	0.5001480987575165	0.009350819783217855	
73	300	0.0	0.0	
-86	100	0.9004094792514121	0.016658188428620293	
-99	500	0.15925112530050362	0.0031436433455665352	
78	150	0.0	0.0	
-91	250	0.5951133566218995	0.010993938613390139	
70	400	0.0	0.0	
-83	0	0.0	0.0	
83	0	0.0	0.0	
-96	400	0.26775056441330114	0.005130675157702159	
75	250	0.0	0.0	
-88	150	1.046574661084068	0.019228537140025086	
67	500	1.568408619607827E-4	3.096064351730988E-6	
80	100	0.0	0.0	
-93	300	0.5849699861846048	0.010706967341775588	
72	350	0.0	0.0	
-85	50	0.0	0.0	
-98	450	0.273337457642524	0.0054518244072086506	
77	200	0.0	0.0	
-90	200	0.8953211514907382	0.016772515102177702	
69	450	0.0	0.0	
82	50	0.0	0.0	
-95	350	0.3275720021453659	0.006124319507958813	
74	300	0.0	0.0	
-87	100	1.1192107960946993	0.02070616176563579	
-100	500	0.048471144791926116	9.568283520107012E-4	
79	150	0.0	0.0	
-92	250	0.7821031030348076	0.014448328891346894	
71	400	0.0	0.0	
-84	0	0.0	0.0	
84	0	0.0	0.0	
-97	400	0.16985263560093564	0.003254740843805542	
76	250	0.0	0.0	
-89	150	1.0778956167015399	0.019803991697397806	
68	500	1.7455842971061809E-4	3.4458120464571246E-6	
81	100	0.0	0.0	
-94	300	0.5187878986466393	0.009495606987201933	
73	350	0.0	0.0	
-86	50	2.0	0.037037037037037035	
-99	450	0.32242121055682155	0.006430819399126419	
78	200	0.0	0.0	
-91	200	0.4862506339022406	0.009109185108594164	
70	450	0.0	0.0	
83	50	0.0	0.0	
-96	350	0.3097976157656299	0.005792007770281342	
75	300	0.0	0.0	
-88	100	1.606609077954544	0.02972336183527216	
-101	500	0.03247589013060435	6.410794002728559E-4	
80	150	0.0	0.0	
-93	250	0.8985071313004392	0.0165987406185647	
72	400	0.0	0.0	
-85	0	0.0	0.0	
85	0	0.0	0.0	
-98	400	0.17032055351999645	0.003263707154851158	
77	250	0.0	0.0	
-90	150	0.7868524739270946	0.014456705843571357	
69	500	1.0475955083339044E-5	2.067970723851994E-7	
82	100	0.0	0.0	
-95	300	0.41216121829801466	0.007543971157642657	
74	350	0.0	0.0	
-87	50	1.0	0.018518518518518517	
-100	450	0.2241958287682212	0.004471675056228394	
79	200	0.0	0.0	
-92	200	0.41595324885007434	0.00779226776506008	
71	450	0.0	0.0	
84	50	0.0	0.0	
-97	350	0.18331088198838613	0.0034271989157498603	
76	300	0.0	0.0	
-89	100	1.4336429750728323	0.02652337116440189	
-102	500	0.055616274336155305	0.0010978743816857952	
81	150	0.0	0.0	
-94	250	0.5083268308775637	0.009390671393984027	
73	400	0.0	0.0	
-86	0	0.0	0.0	
86	0	0.0	0.0	
-99	400	0.054631732285276374	0.001046861179443243	
78	250	0.0	0.0	
-91	150	0.9548017909596863	0.01754240990300074	
70	500	1.5360651954394E-4	3.032217901686726E-6	
83	100	0.0	0.0	
-96	300	0.43012448507471746	0.007872760865272312	
75	350	0.0	0.0	
-88	50	0.0	0.0	
-101	450	0.08841226075663004	0.0017634177373518664	
80	200	0.0	0.0	
-93	200	0.6917457331397269	0.012958831293815443	
72	450	0.0	0.0	
85	50	0.0	0.0	
-98	350	0.07997938133905659	0.0014953026576181418	
77	300	0.0	0.0	
-90	100	0.9123717890214573	0.01687949930415284	
-103	500	0.029259888891791732	5.775950080925826E-4	
82	150	0.0	0.0	
-95	250	0.37631453736655307	0.006951917440768714	
74	400	0.0	0.0	
-87	0	0.0	0.0	
87	0	0.0	0.0	
-100	400	0.11737592780644017	0.002249174556282758	
79	250	0.0	0.0	
-92	150	0.8591064155870313	0.01578421514833724	
71	500	6.994811102187912E-5	1.380787189628632E-6	
84	100	0.0	0.0	
-97	300	0.19666655412647585	0.00359967591839353	
76	350	0.0	0.0	
-89	50	1.0	0.018518518518518517	
-102	450	0.06279920480921006	0.001252555140027331	
81	200	0.0	0.0	
-94	200	0.519433603673401	0.009730818877320838	
73	450	0.0	0.0	
86	50	0.0	0.0	
-99	350	0.21073591486305784	0.003939940122998179	
78	300	0.0	0.0	
-91	100	0.9525930331625629	0.01762361970623159	
-104	500	0.051599993587113556	0.0010185923406526311	
83	150	0.0	0.0	
-96	250	0.34382339561540637	0.006351686217731299	
75	400	0.0	0.0	
-88	0	0.0	0.0	
88	0	0.0	0.0	
-101	400	0.09444872377037503	0.00180984014650788	
80	250	0.0	0.0	
-93	150	0.341161608919274	0.006268103855161105	
72	500	9.413436360539992E-5	1.8582277844432933E-6	
85	100	0.0	0.0	
-98	300	0.09564078718985813	0.0017505561125667037	
77	350	0.0	0.0	
-90	50	0.0	0.0	
-103	450	0.04336744949718682	8.649810446263886E-4	
82	200	0.0	0.0	
-95	200	0.29547247401074744	0.0055352389747203865	
74	450	0.0	0.0	
87	50	0.0	0.0	
-100	350	0.24863881648421676	0.004648576631266354	
79	300	0.0	0.0	
-92	100	0.7977367972529262	0.01475867390482325	
-105	500	8.035469263510953E-4	1.5862148183301253E-5	
84	150	0.0	0.0	
-97	250	0.2247487803445226	0.004151938898779978	
76	400	0.0	0.0	
-89	0	0.0	0.0	
89	0	0.0	0.0	
-102	400	0.12419171413617353	0.0023797796426951612	
81	250	0.0	0.0	
-94	150	0.474480919255672	0.00871755672805083	
73	500	4.190382033335618E-5	8.271882895407976E-7	
86	100	0.0	0.0	
-99	300	0.33782669353548045	0.006183393097578403	
78	350	0.0	0.0	
-91	50	0.0	0.0	
-104	450	3.8629454910002047E-4	7.704798564086423E-6	
83	200	0.0	0.0	
-96	200	0.3504339240652904	0.0065648603005904515	
75	450	7.333168558337331E-5	1.4626296620057115E-6	
88	50	0.0	0.0	
-101	350	0.14757266725643242	0.0027590336139869925	
80	300	0.0	0.0	
-93	100	0.44301236252455767	0.008196030340859776	
-106	500	0.018216822655973575	3.596030684979777E-4	
85	150	0.0	0.0	
-98	250	0.3160483433051075	0.005838578560701964	
77	400	0.0	0.0	
-90	0	0.0	0.0	
90	0	0.0	0.0	
-103	400	0.015882485846741387	3.043424978579954E-4	
82	250	0.0	0.0	
-95	150	0.35821953621821434	0.00658150623417511	
74	500	1.4313056446060095E-4	2.8254208293015265E-6	
87	100	0.0	0.0	
-100	300	0.23995183234348516	0.004391945729144012	
79	350	0.0	0.0	
-92	50	0.0	0.0	
-105	450	0.025988962744590526	5.183602080410666E-4	
84	200	0.0	0.0	
-97	200	0.31448006272559004	0.005891317984185157	
76	450	7.333168558337331E-5	1.4626296620057115E-6	
89	50	0.0	0.0	
-102	350	0.12612641143349887	0.0023580722313020917	
81	300	0.0	0.0	
-94	100	0.1617662951705505	0.0029927866025924142	
-107	500	0.11908555031487092	0.0023507683044252177	
86	150	0.0	0.0	
-99	250	0.12288188370616883	0.002270081609043242	
78	400	0.0	0.0	
-91	0	0.0	0.0	
91	0	0.0	0.0	
-104	400	0.09879311495248765	0.0018930880005777566	
83	250	0.0	0.0	
-96	150	0.2804114666488965	0.005151951887849211	
75	500	2.5498249581583626E-4	5.033396308470956E-6	
88	100	0.0	0.0	
-101	300	0.06919315100892999	0.0012664731962732923	
80	350	0.0	0.0	
-93	50	0.0	0.0	
-106	450	0.01916092967920727	3.8217237033984664E-4	
85	200	0.0	0.0	
-98	200	0.16352899669852528	0.003063473438780203	
77	450	0.0013989622204375824	2.7902858407789185E-5	
90	50	0.0	0.0	
-103	350	0.015882697132801257	2.969445228907281E-4	
82	300	0.0	0.0	
-95	100	0.4642305842305842	0.008588581889287598	
-108	500	0.0	0.0	
87	150	0.0	0.0	
-100	250	0.18274400260065024	0.0033759557304528917	
79	400	0.0	0.0	
-92	0	0.0	0.0	
92	0	0.0	0.0	
-105	400	0.03233442020483286	6.195968507000367E-4	
84	250	0.0	0.0	
-97	150	0.06755526225020403	0.0012411812720906675	
76	500	8.042406610521817E-5	1.5875842620138316E-6	
89	100	0.0	0.0	
-102	300	0.30806591645100584	0.005638668281203339	
81	350	0.0	0.0	
-94	50	1.0	0.018518518518518517	
-107	450	0.0025855647221520285	5.1570117686106394E-5	
86	200	0.0	0.0	
-99	200	0.19713870655905205	0.0036931015507452617	
78	450	0.0	0.0	
91	50	0.0	0.0	
-104	350	0.010881028568940023	2.0343281811320476E-4	
83	300	0.0	0.0	
-96	100	0.3199240519828755	0.005918812788609472	
-109	500	1.3592607143471684E-4	2.6832029547573803E-6	
88	150	0.0	0.0	
-101	250	0.1193943514836637	0.002205654026062943	
80	400	0.0	0.0	
-93	0	0.0	0.0	
93	0	0.0	0.0	
-106	400	0.1018460748657451	0.0019515892613266672	
85	250	0.0	0.0	
-98	150	0.14734878904856402	0.0027072140842997585	
77	500	1.568408619607827E-4	3.096064351730988E-6	
90	100	0.0	0.0	
-103	300	0.04105605700335583	7.514673776412921E-4	
82	350	0.0	0.0	
-95	50	1.0	0.018518518518518517	
-108	450	0.01576441972253507	3.144276271172408E-4	
87	200	0.0	0.0	
-100	200	0.07988342320148921	0.001496497563840354	
79	450	0.0	0.0	
92	50	0.0	0.0	
-105	350	0.0012126468178164048	2.2671768386730078E-5	
84	300	0.0	0.0	
-97	100	0.06586270871985157	0.0012185049553085317	
-110	500	0.02126273948182119	4.197299664565111E-4	
89	150	0.0	0.0	
-102	250	0.12568679288505158	0.002321898626735156	
81	400	0.0	0.0	
-94	0	0.0	0.0	
94	0	0.0	0.0	
-107	400	0.009423928059998773	1.8058267660931232E-4	
86	250	0.0	0.0	
-99	150	0.23017332220382852	0.00422893505758569	
78	500	2.095191016667809E-5	4.135941447703988E-7	
91	100	0.0	0.0	
-104	300	0.013089242854671269	2.3957826740414584E-4	
83	350	0.0	0.0	
-96	50	0.0	0.0	
-109	450	0.001342693888783702	2.6780564132758907E-5	
88	200	0.0	0.0	
-101	200	0.16857193688324135	0.003157945450601543	
80	450	0.0	0.0	
93	50	0.0	0.0	
-106	350	0.06698688969192852	0.0012523937107900558	
85	300	0.0	0.0	
-98	100	0.11969831410825199	0.002214500310082462	
-111	500	0.0	0.0	
90	150	0.0	0.0	
-103	250	0.001496129573787624	2.763903130197937E-5	
82	400	0.0	0.0	
-95	0	0.0	0.0	
95	0	0.0	0.0	
-108	400	0.0	0.0	
87	250	0.0	0.0	
-100	150	0.31995734072432164	0.005878521464458697	
79	500	1.4313056446060095E-4	2.8254208293015265E-6	
92	100	0.0	0.0	
-105	300	0.06167606443957921	0.0011288845980474353	
84	350	0.0	0.0	
-97	50	0.0	0.0	
-110	450	4.362604809375364E-4	8.701388965819618E-6	
89	200	0.0	0.0	
-102	200	0.038818971742194494	7.272159143262482E-4	
81	450	0.0	0.0	
94	50	0.0	0.0	
-107	350	0.0429505733043522	8.030082920491146E-4	
86	300	0.0	0.0	
-99	100	0.13496172379640278	0.0024968837817223133	
-112	500	0.030436684652662305	6.008251495171467E-4	
91	150	0.0	0.0	
-104	250	0.035416135353615825	6.542666429322762E-4	
83	400	0.0	0.0	
-96	0	0.0	0.0	
96	0	0.0	0.0	
-109	400	0.03216994965741045	6.164452422106844E-4	
88	250	0.0	0.0	
-101	150	0.136550425093166	0.002508817591351225	
80	500	2.654584508991753E-4	5.240193380856156E-6	
93	100	0.0	0.0	
-106	300	0.0	0.0	
85	350	0.0	0.0	
-98	50	0.0	0.0	
-111	450	0.0	0.0	
90	200	0.0	0.0	
-103	200	0.08171990814602928	0.0015309013880054967	
82	450	0.0	0.0	
95	50	0.0	0.0	
-108	350	0.06678978709391212	0.0012487086605470698	
87	300	0.0	0.0	
-100	100	0.1277415570584451	0.0023633057810698204	
-113	500	0.0022194323545927644	4.381195887492135E-5	
92	150	0.0	0.0	
-105	250	0.05826314701310248	0.00107633521338009	
84	400	0.0	0.0	
-97	0	0.0	0.0	
97	0	0.0	0.0	
-110	400	0.0014210592998704706	2.723054445634195E-5	
89	250	0.0	0.0	
-102	150	0.09086879639428322	0.0016695168451020806	
81	500	1.6408247462727904E-4	3.239014974071925E-6	
94	100	0.0	0.0	
-107	300	0.06383607450106307	0.001168420228477055	
86	350	0.0	0.0	
-99	50	1.0	0.018518518518518517	
-112	450	0.0	0.0	
91	200	0.0	0.0	
-104	200	0.07206864748473397	0.001350099320582985	
83	450	0.0	0.0	
96	50	0.0	0.0	
-109	350	0.0	0.0	
88	300	0.0	0.0	
-101	100	0.07994579945799457	0.0014790517227286008	
-114	500	0.0	0.0	
93	150	0.0	0.0	
-106	250	2.0301605106029148E-4	3.7504552335359055E-6	
85	400	0.0	0.0	
-98	0	0.0	0.0	
98	0	0.0	0.0	
-111	400	0.0	0.0	
90	250	0.0	0.0	
-103	150	0.08921878441712822	0.0016392014574245811	
82	500	1.568408619607827E-4	3.096064351730988E-6	
95	100	0.0	0.0	
-108	300	0.0	0.0	
87	350	0.0	0.0	
-100	50	0.0	0.0	
-113	450	0.0	0.0	
92	200	0.0	0.0	
-105	200	0.0639449255172501	0.0011979134271092897	
84	450	7.333168558337331E-5	1.4626296620057115E-6	
97	50	0.0	0.0	
-110	350	0.0	0.0	
89	300	0.0	0.0	
-102	100	0.0625	0.0011562925544213005	
-115	500	0.0	0.0	
94	150	0.0	0.0	
-107	250	0.06192303935274718	0.0011439469234281886	
86	400	0.0	0.0	
-99	0	0.0	0.0	
99	0	0.0	0.0	
-112	400	0.0	0.0	
91	250	0.0	0.0	
-104	150	0.025608958003478725	4.705090027472761E-4	
83	500	2.412721983156545E-4	4.7627527860414944E-6	
96	100	0.0	0.0	
-109	300	0.0	0.0	
88	350	0.0	0.0	
-101	50	0.0	0.0	
-114	450	0.0	0.0	
93	200	0.0	0.0	
-106	200	0.001634254706356629	3.0615340313955595E-5	
85	450	0.0	0.0	
98	50	0.0	0.0	
-111	350	0.0	0.0	
90	300	0.0	0.0	
-103	100	0.0	0.0	
-116	500	0.0	0.0	
95	150	0.0	0.0	
-108	250	0.04433565998220361	8.190431601053191E-4	
87	400	0.0	0.0	
-100	0	0.0	0.0	
100	0	0.0	0.0	
-113	400	0.0	0.0	
92	250	0.0	0.0	
-105	150	0.0	0.0	
84	500	0.0	0.0	
97	100	0.0	0.0	
-110	300	0.03777190590212343	6.913560908798977E-4	
89	350	0.0	0.0	
-102	50	0.0	0.0	
-115	450	0.0	0.0	
94	200	0.0	0.0	
-107	200	0.04214960403084384	7.896103749822464E-4	
86	450	7.333168558337331E-5	1.4626296620057115E-6	
99	50	0.0	0.0	
-112	350	0.01987500417711262	3.71585101917953E-4	
91	300	0.0	0.0	
-104	100	0.05	9.250340435370403E-4	
-117	500	0.0	0.0	
96	150	0.0	0.0	
-109	250	0.0	0.0	
88	400	0.0	0.0	
-101	0	0.0	0.0	
101	0	0.0	0.0	
-114	400	0.0	0.0	
93	250	0.0	0.0	
-106	150	0.12377438726605251	0.002274085634811639	
85	500	0.0	0.0	
98	100	0.0	0.0	
-111	300	0.0	0.0	
90	350	0.0	0.0	
-103	50	0.0	0.0	
-116	450	0.0	0.0	
95	200	0.0	0.0	
-108	200	0.040221826824186756	7.534963255615963E-4	
87	450	0.0	0.0	
100	50	0.0	0.0	
-113	350	0.0	0.0	
92	300	0.0	0.0	
-105	100	0.042630385487528344	7.886911573014221E-4	
-118	500	0.0	0.0	
97	150	0.0	0.0	
-110	250	0.038641955277685575	7.138594345045981E-4	
89	400	0.0	0.0	
-102	0	0.0	0.0	
102	0	0.0	0.0	
-115	400	0.0	0.0	
94	250	0.0	0.0	
-107	150	0.0045351473922902496	8.332348690518902E-5	
86	500	8.365840852206087E-5	1.6514307120580938E-6	
99	100	0.0	0.0	
-112	300	0.0	0.0	
91	350	0.0	0.0	
-104	50	0.0	0.0	
-117	450	0.0	0.0	
96	200	0.0	0.0	
-109	200	0.002755506964690638	5.162033992213537E-5	
88	450	0.0	0.0	
101	50	0.0	0.0	
-114	350	0.0	0.0	
93	300	0.0	0.0	
-106	100	0.019230769230769232	3.557823244373232E-4	
-119	500	0.0	0.0	
98	150	0.0	0.0	
-111	250	0.0	0.0	
90	400	0.0	0.0	
-103	0	0.0	0.0	
103	0	0.0	0.0	
-116	400	0.0	0.0	
95	250	0.0	0.0	
-108	150	0.0026683587429862333	4.902529852889299E-5	
87	500	9.413436360539992E-5	1.8582277844432933E-6	
100	100	0.0	0.0	
-113	300	0.0	0.0	
92	350	0.0	0.0	
-105	50	0.0	0.0	
-118	450	0.0	0.0	
97	200	0.0	0.0	
-110	200	0.033362130270296504	6.249900752011402E-4	
89	450	0.0	0.0	
102	50	0.0	0.0	
-115	350	0.01326544654455826	2.4801213938476483E-4	
94	300	0.0	0.0	
-107	100	0.07691549642769155	0.0014229890534233258	
-120	500	0.0	0.0	
99	150	0.0	0.0	
-112	250	0.0	0.0	
91	400	0.0	0.0	
-104	0	0.0	0.0	
104	0	0.0	0.0	
-117	400	0.0	0.0	
96	250	0.0	0.0	
-109	150	0.0	0.0	
88	500	8.042406610521817E-5	1.5875842620138316E-6	
101	100	0.0	0.0	
-114	300	0.0	0.0	
93	350	0.0	0.0	
-106	50	0.0	0.0	
-119	450	0.0	0.0	
98	200	0.0	0.0	
-111	200	0.0	0.0	
90	450	7.333168558337331E-5	1.4626296620057115E-6	
103	50	0.0	0.0	
-116	350	0.0	0.0	
95	300	0.0	0.0	
-108	100	0.0	0.0	
-121	500	0.0	0.0	
100	150	0.0	0.0	
-113	250	0.0	0.0	
92	400	0.0	0.0	
-105	0	0.0	0.0	
105	0	0.0	0.0	
-118	400	0.0	0.0	
97	250	0.0	0.0	
-110	150	0.0	0.0	
89	500	2.095191016667809E-5	4.135941447703988E-7	
102	100	0.0	0.0	
-115	300	0.0	0.0	
94	350	0.0	0.0	
-107	50	0.0	0.0	
-120	450	0.0	0.0	
99	200	0.0	0.0	
-112	200	0.0	0.0	
91	450	0.0	0.0	
104	50	0.0	0.0	
-117	350	0.0	0.0	
96	300	0.0	0.0	
-109	100	0.16666666666666666	0.0030834468117901343	
-122	500	0.0	0.0	
101	150	0.0	0.0	
-114	250	0.0	0.0	
93	400	0.0	0.0	
-106	0	0.0	0.0	
106	0	0.0	0.0	
-119	400	0.012885696923581208	2.4691759377002065E-4	
98	250	0.0	0.0	
-111	150	0.0	0.0	
90	500	7.318245343872182E-5	1.4446336396728943E-6	
103	100	0.0	0.0	
-116	300	0.0	0.0	
95	350	0.0	0.0	
-108	50	0.0	0.0	
-121	450	0.0	0.0	
100	200	0.0	0.0	
-113	200	0.0	0.0	
92	450	0.0	0.0	
105	50	0.0	0.0	
-118	350	0.0	0.0	
97	300	0.0	0.0	
-110	100	0.0	0.0	
-123	500	0.0	0.0	
102	150	0.0	0.0	
-115	250	0.0	0.0	
94	400	0.0	0.0	
-107	0	0.0	0.0	
107	0	0.0	0.0	
-120	400	0.0	0.0	
99	250	0.0	0.0	
-112	150	0.1111111111111111	0.002041425429177131	
91	500	8.042406610521817E-5	1.5875842620138316E-6	
104	100	0.0	0.0	
-117	300	0.0	0.0	
96	350	0.0	0.0	
-109	50	0.0	0.0	
-122	450	0.0	0.0	
101	200	0.0	0.0	
-114	200	0.0	0.0	
93	450	0.0	0.0	
106	50	0.0	0.0	
-119	350	0.0	0.0	
98	300	0.0	0.0	
-111	100	0.0	0.0	
-124	500	0.0	0.0	
103	150	0.0	0.0	
-116	250	0.0	0.0	
95	400	0.0	0.0	
-108	0	0.0	0.0	
108	0	0.0	0.0	
-121	400	0.0	0.0	
100	250	0.0	0.0	
-113	150	0.0	0.0	
92	500	6.994811102187912E-5	1.380787189628632E-6	
105	100	0.0	0.0	
-118	300	0.0	0.0	
97	350	0.0	0.0	
-110	50	0.0	0.0	
-123	450	0.0	0.0	
102	200	0.0	0.0	
-115	200	0.0	0.0	
94	450	0.0	0.0	
107	50	0.0	0.0	
-120	350	0.0	0.0	
99	300	0.0	0.0	
-112	100	0.0	0.0	
-125	500	0.0	0.0	
104	150	0.0	0.0	
-117	250	0.0	0.0	
96	400	0.0	0.0	
-109	0	0.0	0.0	
109	0	0.0	0.0	
-122	400	0.0	0.0	
101	250	0.0	0.0	
-114	150	0.0	0.0	
93	500	1.0475955083339044E-5	2.067970723851994E-7	
106	100	0.0	0.0	
-119	300	0.0	0.0	
98	350	0.0	0.0	
-111	50	0.0	0.0	
-124	450	0.0	0.0	
103	200	0.0	0.0	
-116	200	0.0	0.0	
95	450	0.0013904666153357146	2.7733410181966647E-5	
108	50	0.0	0.0	
-121	350	0.0	0.0	
100	300	0.0	0.0	
-113	100	0.0	0.0	
-126	500	0.0	0.0	
105	150	0.0	0.0	
-118	250	0.0	0.0	
97	400	0.0	0.0	
-110	0	0.0	0.0	
110	0	0.0	0.0	
-123	400	0.0	0.0	
102	250	0.0	0.0	
-115	150	0.0	0.0	
94	500	6.994811102187912E-5	1.380787189628632E-6	
107	100	0.0	0.0	
-120	300	0.0	0.0	
99	350	0.0	0.0	
-112	50	0.0	0.0	
-125	450	0.0	0.0	
104	200	0.0	0.0	
-117	200	0.0	0.0	
96	450	0.0	0.0	
109	50	0.0	0.0	
-122	350	0.0	0.0	
101	300	0.0	0.0	
-114	100	0.0	0.0	
-127	500	0.0	0.0	
106	150	0.0	0.0	
-119	250	0.0	0.0	
98	400	0.0	0.0	
-111	0	0.0	0.0	
111	0	0.0	0.0	
-124	400	0.0	0.0	
103	250	0.0	0.0	
-116	150	0.0	0.0	
95	500	0.0	0.0	
108	100	0.0	0.0	
-121	300	0.0	0.0	
100	350	0.0	0.0	
-113	50	0.0	0.0	
-126	450	0.0	0.0	
105	200	0.0	0.0	
-118	200	0.0	0.0	
97	450	0.0	0.0	
110	50	0.0	0.0	
-123	350	0.0	0.0	
102	300	0.0	0.0	
-115	100	0.0	0.0	
-128	500	0.0	0.0	
107	150	0.0	0.0	
-120	250	0.0	0.0	
99	400	5.133217990836131E-4	9.83634678132704E-6	
-112	0	0.0	0.0	
112	0	0.0	0.0	
-125	400	0.0	0.0	
104	250	0.0	0.0	
-117	150	0.0	0.0	
96	500	1.0475955083339044E-5	2.067970723851994E-7	
109	100	0.0	0.0	
-122	300	0.0	0.0	
101	350	0.0	0.0	
-114	50	0.0	0.0	
-127	450	0.0	0.0	
106	200	0.0	0.0	
-119	200	0.0	0.0	
98	450	0.0	0.0	
111	50	0.0	0.0	
-124	350	0.0	0.0	
103	300	0.0	0.0	
-116	100	0.0	0.0	
-129	500	0.0	0.0	
108	150	0.0	0.0	
-121	250	0.0	0.0	
100	400	0.0	0.0	
-113	0	0.0	0.0	
113	0	0.0	0.0	
-126	400	0.0	0.0	
105	250	0.0	0.0	
-118	150	0.0	0.0	
97	500	1.0475955083339044E-5	2.067970723851994E-7	
110	100	0.0	0.0	
-123	300	0.0	0.0	
102	350	0.0	0.0	
-115	50	0.0	0.0	
-128	450	0.0	0.0	
107	200	0.0	0.0	
-120	200	0.0	0.0	
99	450	0.0	0.0	
112	50	0.0	0.0	
-125	350	0.0	0.0	
104	300	0.0	0.0	
-117	100	0.0	0.0	
-130	500	0.0	0.0	
109	150	0.0	0.0	
-122	250	0.0	0.0	
101	400	0.0	0.0	
-114	0	0.0	0.0	
114	0	0.0	0.0	
-127	400	0.0	0.0	
106	250	0.0	0.0	
-119	150	0.0	0.0	
98	500	7.318245343872182E-5	1.4446336396728943E-6	
111	100	0.0	0.0	
-124	300	0.0	0.0	
103	350	0.0	0.0	
-116	50	0.0	0.0	
-129	450	0.0	0.0	
108	200	0.0	0.0	
-121	200	0.0	0.0	
100	450	0.0	0.0	
113	50	0.0	0.0	
-126	350	0.0	0.0	
105	300	0.0	0.0	
-118	100	0.0	0.0	
-131	500	0.0	0.0	
110	150	0.0	0.0	
-123	250	0.0	0.0	
102	400	0.0	0.0	
-115	0	0.0	0.0	
115	0	0.0	0.0	
-128	400	0.0	0.0	
107	250	0.0	0.0	
-120	150	0.0	0.0	
99	500	0.0	0.0	
112	100	0.0	0.0	
-125	300	0.0	0.0	
104	350	0.0	0.0	
-117	50	0.0	0.0	
-130	450	0.0	0.0	
109	200	0.0	0.0	
-122	200	0.0	0.0	
101	450	0.0	0.0	
114	50	0.0	0.0	
-127	350	0.0	0.0	
106	300	0.0	0.0	
-119	100	0.0	0.0	
-132	500	0.0	0.0	
111	150	0.0	0.0	
-124	250	0.0	0.0	
103	400	0.0	0.0	
-116	0	0.0	0.0	
116	0	0.0	0.0	
-129	400	0.0	0.0	
108	250	0.0	0.0	
-121	150	0.0	0.0	
100	500	0.0	0.0	
113	100	0.0	0.0	
-126	300	0.0	0.0	
105	350	0.0	0.0	
-118	50	0.0	0.0	
-131	450	0.0	0.0	
110	200	0.0	0.0	
-123	200	0.0	0.0	
102	450	0.0	0.0	
115	50	0.0	0.0	
-128	350	0.0	0.0	
107	300	0.0	0.0	
-120	100	0.0	0.0	
-133	500	0.0	0.0	
112	150	0.0	0.0	
-125	250	0.0	0.0	
104	400	0.0	0.0	
-117	0	0.0	0.0	
117	0	0.0	0.0	
-130	400	0.0	0.0	
109	250	0.0	0.0	
-122	150	0.0	0.0	
101	500	0.0	0.0	
114	100	0.0	0.0	
-127	300	0.0	0.0	
106	350	0.0	0.0	
-119	50	0.0	0.0	
-132	450	0.0	0.0	
111	200	0.0	0.0	
-124	200	0.0	0.0	
103	450	0.0	0.0	
116	50	0.0	0.0	
-129	350	0.0	0.0	
108	300	0.0	0.0	
-121	100	0.0	0.0	
-134	500	0.0	0.0	
113	150	0.0	0.0	
-126	250	0.0	0.0	
105	400	0.0	0.0	
-118	0	0.0	0.0	
118	0	0.0	0.0	
-131	400	0.0	0.0	
110	250	0.0	0.0	
-123	150	0.0	0.0	
102	500	0.0	0.0	
115	100	0.0	0.0	
-128	300	0.0	0.0	
107	350	0.0	0.0	
-120	50	0.0	0.0	
-133	450	0.0	0.0	
112	200	0.0	0.0	
-125	200	0.0	0.0	
104	450	0.0	0.0	
117	50	0.0	0.0	
-130	350	0.0	0.0	
109	300	0.0	0.0	
-122	100	0.0	0.0	
-135	500	0.0	0.0	
114	150	0.0	0.0	
-127	250	0.0	0.0	
106	400	0.0	0.0	
-119	0	0.0	0.0	
119	0	0.0	0.0	
-132	400	0.0	0.0	
111	250	0.0	0.0	
-124	150	0.0	0.0	
103	500	0.0	0.0	
116	100	0.0	0.0	
-129	300	0.0	0.0	
108	350	0.0	0.0	
-121	50	0.0	0.0	
-134	450	0.0	0.0	
113	200	0.0	0.0	
-126	200	0.0	0.0	
105	450	0.0	0.0	
118	50	0.0	0.0	
-131	350	0.0	0.0	
110	300	0.0	0.0	
-123	100	0.0	0.0	
-136	500	0.0	0.0	
115	150	0.0	0.0	
-128	250	0.0	0.0	
107	400	0.0	0.0	
-120	0	0.0	0.0	
120	0	0.0	0.0	
-133	400	0.0	0.0	
112	250	0.0	0.0	
-125	150	0.0	0.0	
104	500	0.0	0.0	
117	100	0.0	0.0	
-130	300	0.0	0.0	
109	350	0.0	0.0	
-122	50	0.0	0.0	
-135	450	0.0	0.0	
114	200	0.0	0.0	
-127	200	0.0	0.0	
106	450	0.0	0.0	
119	50	0.0	0.0	
-132	350	0.0	0.0	
111	300	0.0	0.0	
-124	100	0.0	0.0	
-137	500	0.0	0.0	
116	150	0.0	0.0	
-129	250	0.0	0.0	
108	400	0.0	0.0	
-121	0	0.0	0.0	
121	0	0.0	0.0	
-134	400	0.0	0.0	
113	250	0.0	0.0	
-126	150	0.0	0.0	
105	500	0.0	0.0	
118	100	0.0	0.0	
-131	300	0.0	0.0	
110	350	0.0	0.0	
-123	50	0.0	0.0	
-136	450	0.0	0.0	
115	200	0.0	0.0	
-128	200	0.0	0.0	
107	450	0.0	0.0	
120	50	0.0	0.0	
-133	350	0.0	0.0	
112	300	0.0	0.0	
-125	100	0.0	0.0	
-138	500	0.0	0.0	
117	150	0.0	0.0	
-130	250	0.0	0.0	
109	400	0.0	0.0	
-122	0	0.0	0.0	
122	0	0.0	0.0	
-135	400	0.0	0.0	
114	250	0.0	0.0	
-127	150	0.0	0.0	
106	500	0.0	0.0	
119	100	0.0	0.0	
-132	300	0.0	0.0	
111	350	0.0	0.0	
-124	50	0.0	0.0	
-137	450	0.0	0.0	
116	200	0.0	0.0	
-129	200	0.0	0.0	
108	450	0.0	0.0	
121	50	0.0	0.0	
-134	350	0.0	0.0	
113	300	0.0	0.0	
-126	100	0.0	0.0	
-139	500	0.0	0.0	
118	150	0.0	0.0	
-131	250	0.0	0.0	
110	400	0.0	0.0	
-123	0	0.0	0.0	
123	0	0.0	0.0	
-136	400	0.0	0.0	
115	250	0.0	0.0	
-128	150	0.0	0.0	
107	500	0.0	0.0	
120	100	0.0	0.0	
-133	300	0.0	0.0	
112	350	0.0	0.0	
-125	50	0.0	0.0	
-138	450	0.0	0.0	
117	200	0.0	0.0	
-130	200	0.0	0.0	
109	450	0.0	0.0	
122	50	0.0	0.0	
-135	350	0.0	0.0	
114	300	0.0	0.0	
-127	100	0.0	0.0	
-140	500	0.0	0.0	
119	150	0.0	0.0	
-132	250	0.0	0.0	
111	400	0.0	0.0	
-124	0	0.0	0.0	
124	0	0.0	0.0	
-137	400	0.0	0.0	
116	250	0.0	0.0	
-129	150	0.0	0.0	
108	500	0.0	0.0	
121	100	0.0	0.0	
-134	300	0.0	0.0	
113	350	0.0	0.0	
-126	50	0.0	0.0	
-139	450	0.0	0.0	
118	200	0.0	0.0	
-131	200	0.0	0.0	
110	450	0.0	0.0	
123	50	0.0	0.0	
-136	350	0.0	0.0	
115	300	0.0	0.0	
-128	100	0.0	0.0	
-141	500	0.0	0.0	
120	150	0.0	0.0	
-133	250	0.0	0.0	
112	400	0.0	0.0	
-125	0	0.0	0.0	
125	0	0.0	0.0	
-138	400	0.0	0.0	
117	250	0.0	0.0	
-130	150	0.0	0.0	
109	500	0.0	0.0	
122	100	0.0	0.0	
-135	300	0.0	0.0	
114	350	0.0	0.0	
-127	50	0.0	0.0	
-140	450	0.0	0.0	
119	200	0.0	0.0	
-132	200	0.0	0.0	
111	450	0.0	0.0	
124	50	0.0	0.0	
-137	350	0.0	0.0	
116	300	0.0	0.0	
-129	100	0.0	0.0	
-142	500	0.0	0.0	
121	150	0.0	0.0	
-134	250	0.0	0.0	
113	400	0.0	0.0	
-126	0	0.0	0.0	
126	0	0.0	0.0	
-139	400	0.0	0.0	
118	250	0.0	0.0	
-131	150	0.0	0.0	
110	500	0.0	0.0	
123	100	0.0	0.0	
-136	300	0.0	0.0	
115	350	0.0	0.0	
-128	50	0.0	0.0	
-141	450	0.0	0.0	
120	200	0.0	0.0	
-133	200	0.0	0.0	
112	450	0.0	0.0	
125	50	0.0	0.0	
-138	350	0.0	0.0	
117	300	0.0	0.0	
-130	100	0.0	0.0	
-143	500	0.0	0.0	
122	150	0.0	0.0	
-135	250	0.0	0.0	
114	400	0.0	0.0	
-127	0	0.0	0.0	
127	0	0.0	0.0	
-140	400	0.0	0.0	
119	250	0.0	0.0	
-132	150	0.0	0.0	
111	500	0.0	0.0	
124	100	0.0	0.0	
-137	300	0.0	0.0	
116	350	0.0	0.0	
-129	50	0.0	0.0	
-142	450	0.0	0.0	
121	200	0.0	0.0	
-134	200	0.0	0.0	
113	450	0.0	0.0	
126	50	0.0	0.0	
-139	350	0.0	0.0	
118	300	0.0	0.0	
-131	100	0.0	0.0	
-144	500	0.0	0.0	
123	150	0.0	0.0	
-136	250	0.0	0.0	
115	400	0.0	0.0	
-128	0	0.0	0.0	
128	0	0.0	0.0	
-141	400	0.0	0.0	
120	250	0.0	0.0	
-133	150	0.0	0.0	
112	500	0.0	0.0	
125	100	0.0	0.0	
-138	300	0.0	0.0	
117	350	0.0	0.0	
-130	50	0.0	0.0	
-143	450	0.0	0.0	
122	200	0.0	0.0	
-135	200	0.0	0.0	
114	450	0.0	0.0	
127	50	0.0	0.0	
-140	350	0.0	0.0	
119	300	0.0	0.0	
-132	100	0.0	0.0	
-145	500	0.0	0.0	
124	150	0.0	0.0	
-137	250	0.0	0.0	
116	400	0.0	0.0	
-129	0	0.0	0.0	
129	0	0.0	0.0	
-142	400	0.0	0.0	
121	250	0.0	0.0	
-134	150	0.0	0.0	
113	500	0.0	0.0	
126	100	0.0	0.0	
-139	300	0.0	0.0	
118	350	0.0	0.0	
-131	50	0.0	0.0	
-144	450	0.0	0.0	
123	200	0.0	0.0	
-136	200	0.0	0.0	
115	450	0.0	0.0	
128	50	0.0	0.0	
-141	350	0.0	0.0	
120	300	0.0	0.0	
-133	100	0.0	0.0	
-146	500	0.0	0.0	
125	150	0.0	0.0	
-138	250	0.0	0.0	
117	400	0.0	0.0	
-130	0	0.0	0.0	
130	0	0.0	0.0	
-143	400	0.0	0.0	
122	250	0.0	0.0	
-135	150	0.0	0.0	
114	500	0.0	0.0	
127	100	0.0	0.0	
-140	300	0.0	0.0	
119	350	0.0	0.0	
-132	50	0.0	0.0	
-145	450	0.0	0.0	
124	200	0.0	0.0	
-137	200	0.0	0.0	
116	450	0.0	0.0	
129	50	0.0	0.0	
-142	350	0.0	0.0	
121	300	0.0	0.0	
-134	100	0.0	0.0	
-147	500	0.0	0.0	
126	150	0.0	0.0	
-139	250	0.0	0.0	
118	400	0.0	0.0	
-131	0	0.0	0.0	
131	0	0.0	0.0	
-144	400	0.0	0.0	
123	250	0.0	0.0	
-136	150	0.0	0.0	
115	500	0.0	0.0	
128	100	0.0	0.0	
-141	300	0.0	0.0	
120	350	0.0	0.0	
-133	50	0.0	0.0	
-146	450	0.0	0.0	
125	200	0.0	0.0	
-138	200	0.0	0.0	
117	450	0.0	0.0	
130	50	0.0	0.0	
-143	350	0.0	0.0	
122	300	0.0	0.0	
-135	100	0.0	0.0	
-148	500	0.0	0.0	
127	150	0.0	0.0	
-140	250	0.0	0.0	
119	400	0.0	0.0	
-132	0	0.0	0.0	
132	0	0.0	0.0	
-145	400	0.0	0.0	
124	250	0.0	0.0	
-137	150	0.0	0.0	
116	500	0.0	0.0	
129	100	0.0	0.0	
-142	300	0.0	0.0	
121	350	0.0	0.0	
-134	50	0.0	0.0	
-147	450	0.0	0.0	
126	200	0.0	0.0	
-139	200	0.0	0.0	
118	450	0.0	0.0	
131	50	0.0	0.0	
-144	350	0.0	0.0	
123	300	0.0	0.0	
-136	100	0.0	0.0	
-149	500	0.0	0.0	
128	150	0.0	0.0	
-141	250	0.0	0.0	
120	400	0.0	0.0	
-133	0	0.0	0.0	
133	0	0.0	0.0	
-146	400	0.0	0.0	
125	250	0.0	0.0	
-138	150	0.0	0.0	
117	500	0.0	0.0	
130	100	0.0	0.0	
-143	300	0.0	0.0	
122	350	0.0	0.0	
-135	50	0.0	0.0	
-148	450	0.0	0.0	
127	200	0.0	0.0	
-140	200	0.0	0.0	
119	450	0.0	0.0	
132	50	0.0	0.0	
-145	350	0.0	0.0	
124	300	0.0	0.0	
-137	100	0.0	0.0	
-150	500	0.0	0.0	
129	150	0.0	0.0	
-142	250	0.0	0.0	
121	400	0.0	0.0	
-134	0	0.0	0.0	
134	0	0.0	0.0	
-147	400	0.0	0.0	
126	250	0.0	0.0	
-139	150	0.0	0.0	
118	500	0.0	0.0	
131	100	0.0	0.0	
-144	300	0.0	0.0	
123	350	0.0	0.0	
-136	50	0.0	0.0	
-149	450	0.0	0.0	
128	200	0.0	0.0	
-141	200	0.0	0.0	
120	450	0.0	0.0	
133	50	0.0	0.0	
-146	350	0.0	0.0	
125	300	0.0	0.0	
-138	100	0.0	0.0	
-151	500	0.0	0.0	
130	150	0.0	0.0	
-143	250	0.0	0.0	
122	400	0.0	0.0	
-135	0	0.0	0.0	
135	0	0.0	0.0	
-148	400	0.0	0.0	
127	250	0.0	0.0	
-140	150	0.0	0.0	
119	500	0.0	0.0	
132	100	0.0	0.0	
-145	300	0.0	0.0	
124	350	0.0	0.0	
-137	50	0.0	0.0	
-150	450	0.0	0.0	
129	200	0.0	0.0	
-142	200	0.0	0.0	
121	450	0.0	0.0	
134	50	0.0	0.0	
-147	350	0.0	0.0	
126	300	0.0	0.0	
-139	100	0.0	0.0	
-152	500	0.0	0.0	
131	150	0.0	0.0	
-144	250	0.0	0.0	
123	400	0.0	0.0	
-136	0	0.0	0.0	
136	0	0.0	0.0	
-149	400	0.0	0.0	
128	250	0.0	0.0	
-141	150	0.0	0.0	
120	500	0.0	0.0	
133	100	0.0	0.0	
-146	300	0.0	0.0	
125	350	0.0	0.0	
-138	50	0.0	0.0	
-151	450	0.0	0.0	
130	200	0.0	0.0	
-143	200	0.0	0.0	
122	450	0.0	0.0	
135	50	0.0	0.0	
-148	350	0.0	0.0	
127	300	0.0	0.0	
-140	100	0.0	0.0	
-153	500	0.0	0.0	
132	150	0.0	0.0	
-145	250	0.0	0.0	
124	400	0.0	0.0	
-137	0	0.0	0.0	
137	0	0.0	0.0	
-150	400	0.0	0.0	
129	250	0.0	0.0	
-142	150	0.0	0.0	
121	500	0.0	0.0	
134	100	0.0	0.0	
-147	300	0.0	0.0	
126	350	0.0	0.0	
-139	50	0.0	0.0	
-152	450	0.0	0.0	
131	200	0.0	0.0	
-144	200	0.0	0.0	
123	450	0.0	0.0	
136	50	0.0	0.0	
-149	350	0.0	0.0	
128	300	0.0	0.0	
-141	100	0.0	0.0	
-154	500	0.0	0.0	
133	150	0.0	0.0	
-146	250	0.0	0.0	
125	400	0.0	0.0	
-138	0	0.0	0.0	
138	0	0.0	0.0	
-151	400	0.0	0.0	
130	250	0.0	0.0	
-143	150	0.0	0.0	
122	500	0.0	0.0	
135	100	0.0	0.0	
-148	300	0.0	0.0	
127	350	0.0	0.0	
-140	50	0.0	0.0	
-153	450	0.0	0.0	
132	200	0.0	0.0	
-145	200	0.0	0.0	
124	450	0.0	0.0	
137	50	0.0	0.0	
-150	350	0.0	0.0	
129	300	0.0	0.0	
-142	100	0.0	0.0	
-155	500	0.0	0.0	
134	150	0.0	0.0	
-147	250	0.0	0.0	
126	400	0.0	0.0	
-139	0	0.0	0.0	
139	0	0.0	0.0	
-152	400	0.0	0.0	
131	250	0.0	0.0	
-144	150	0.0	0.0	
123	500	0.0	0.0	
136	100	0.0	0.0	
-149	300	0.0	0.0	
128	350	0.0	0.0	
-141	50	0.0	0.0	
-154	450	0.0	0.0	
133	200	0.0	0.0	
-146	200	0.0	0.0	
125	450	0.0	0.0	
138	50	0.0	0.0	
-151	350	0.0	0.0	
130	300	0.0	0.0	
-143	100	0.0	0.0	
-156	500	0.0	0.0	
135	150	0.0	0.0	
-148	250	0.0	0.0	
127	400	0.0	0.0	
-140	0	0.0	0.0	
140	0	0.0	0.0	
-153	400	0.0	0.0	
132	250	0.0	0.0	
-145	150	0.0	0.0	
124	500	0.0	0.0	
137	100	0.0	0.0	
-150	300	0.0	0.0	
129	350	0.0	0.0	
-142	50	0.0	0.0	
-155	450	0.0	0.0	
134	200	0.0	0.0	
-147	200	0.0	0.0	
126	450	0.0	0.0	
139	50	0.0	0.0	
-152	350	0.0	0.0	
131	300	0.0	0.0	
-144	100	0.0	0.0	
-157	500	0.0	0.0	
136	150	0.0	0.0	
-149	250	0.0	0.0	
128	400	0.0	0.0	
-141	0	0.0	0.0	
141	0	0.0	0.0	
-154	400	0.0	0.0	
133	250	0.0	0.0	
-146	150	0.0	0.0	
125	500	0.0	0.0	
138	100	0.0	0.0	
-151	300	0.0	0.0	
130	350	0.0	0.0	
-143	50	0.0	0.0	
-156	450	0.0	0.0	
135	200	0.0	0.0	
-148	200	0.0	0.0	
127	450	0.0	0.0	
140	50	0.0	0.0	
-153	350	0.0	0.0	
132	300	0.0	0.0	
-145	100	0.0	0.0	
-158	500	0.0	0.0	
137	150	0.0	0.0	
-150	250	0.0	0.0	
129	400	0.0	0.0	
-142	0	0.0	0.0	
142	0	0.0	0.0	
-155	400	0.0	0.0	
134	250	0.0	0.0	
-147	150	0.0	0.0	
126	500	0.0	0.0	
139	100	0.0	0.0	
-152	300	0.0	0.0	
131	350	0.0	0.0	
-144	50	0.0	0.0	
-157	450	0.0	0.0	
136	200	0.0	0.0	
-149	200	0.0	0.0	
128	450	0.0	0.0	
141	50	0.0	0.0	
-154	350	0.0	0.0	
133	300	0.0	0.0	
-146	100	0.0	0.0	
-159	500	0.0	0.0	
138	150	0.0	0.0	
-151	250	0.0	0.0	
130	400	0.0	0.0	
-143	0	0.0	0.0	
143	0	0.0	0.0	
-156	400	0.0	0.0	
135	250	0.0	0.0	
-148	150	0.0	0.0	
127	500	0.0	0.0	
140	100	0.0	0.0	
-153	300	0.0	0.0	
132	350	0.0	0.0	
-145	50	0.0	0.0	
-158	450	0.0	0.0	
137	200	0.0	0.0	
-150	200	0.0	0.0	
129	450	0.0	0.0	
142	50	0.0	0.0	
-155	350	0.0	0.0	
134	300	0.0	0.0	
-147	100	0.0	0.0	
-160	500	0.0	0.0	
139	150	0.0	0.0	
-152	250	0.0	0.0	
131	400	0.0	0.0	
-144	0	0.0	0.0	
144	0	0.0	0.0	
-157	400	0.0	0.0	
136	250	0.0	0.0	
-149	150	0.0	0.0	
128	500	0.0	0.0	
141	100	0.0	0.0	
-154	300	0.0	0.0	
133	350	0.0	0.0	
-146	50	0.0	0.0	
-159	450	0.0	0.0	
138	200	0.0	0.0	
-151	200	0.0	0.0	
130	450	0.0	0.0	
143	50	0.0	0.0	
-156	350	0.0	0.0	
135	300	0.0	0.0	
-148	100	0.0	0.0	
-161	500	0.0	0.0	
140	150	0.0	0.0	
-153	250	0.0	0.0	
132	400	0.0	0.0	
-145	0	0.0	0.0	
145	0	0.0	0.0	
-158	400	0.0	0.0	
137	250	0.0	0.0	
-150	150	0.0	0.0	
129	500	0.0	0.0	
142	100	0.0	0.0	
-155	300	0.0	0.0	
134	350	0.0	0.0	
-147	50	0.0	0.0	
-160	450	0.0	0.0	
139	200	0.0	0.0	
-152	200	0.0	0.0	
131	450	0.0	0.0	
144	50	0.0	0.0	
-157	350	0.0	0.0	
136	300	0.0	0.0	
-149	100	0.0	0.0	
-162	500	0.0	0.0	
141	150	0.0	0.0	
-154	250	0.0	0.0	
133	400	0.0	0.0	
-146	0	0.0	0.0	
146	0	0.0	0.0	
-159	400	0.0	0.0	
138	250	0.0	0.0	
-151	150	0.0	0.0	
130	500	0.0	0.0	
143	100	0.0	0.0	
-156	300	0.0	0.0	
135	350	0.0	0.0	
-148	50	0.0	0.0	
-161	450	0.0	0.0	
140	200	0.0	0.0	
-153	200	0.0	0.0	
132	450	0.0	0.0	
145	50	0.0	0.0	
-158	350	0.0	0.0	
137	300	0.0	0.0	
-150	100	0.0	0.0	
-163	500	0.0	0.0	
142	150	0.0	0.0	
-155	250	0.0	0.0	
134	400	0.0	0.0	
-147	0	0.0	0.0	
147	0	0.0	0.0	
-160	400	0.0	0.0	
139	250	0.0	0.0	
-152	150	0.0	0.0	
131	500	0.0	0.0	
144	100	0.0	0.0	
-157	300	0.0	0.0	
136	350	0.0	0.0	
-149	50	0.0	0.0	
-162	450	0.0	0.0	
141	200	0.0	0.0	
-154	200	0.0	0.0	
133	450	0.0	0.0	
146	50	0.0	0.0	
-159	350	0.0	0.0	
138	300	0.0	0.0	
-151	100	0.0	0.0	
-164	500	0.0	0.0	
143	150	0.0	0.0	
-156	250	0.0	0.0	
135	400	0.0	0.0	
-148	0	0.0	0.0	
148	0	0.0	0.0	
-161	400	0.0	0.0	
140	250	0.0	0.0	
-153	150	0.0	0.0	
132	500	0.0	0.0	
145	100	0.0	0.0	
-158	300	0.0	0.0	
137	350	0.0	0.0	
-150	50	0.0	0.0	
-163	450	0.0	0.0	
142	200	0.0	0.0	
-155	200	0.0	0.0	
134	450	0.0	0.0	
147	50	0.0	0.0	
-160	350	0.0	0.0	
139	300	0.0	0.0	
-152	100	0.0	0.0	
-165	500	0.0	0.0	
144	150	0.0	0.0	
-157	250	0.0	0.0	
136	400	0.0	0.0	
-149	0	0.0	0.0	
149	0	0.0	0.0	
-162	400	0.0	0.0	
141	250	0.0	0.0	
-154	150	0.0	0.0	
133	500	0.0	0.0	
146	100	0.0	0.0	
-159	300	0.0	0.0	
138	350	0.0	0.0	
-151	50	0.0	0.0	
-164	450	0.0	0.0	
143	200	0.0	0.0	
-156	200	0.0	0.0	
135	450	0.0	0.0	
148	50	0.0	0.0	
-161	350	0.0	0.0	
140	300	0.0	0.0	
-153	100	0.0	0.0	
-166	500	0.0	0.0	
145	150	0.0	0.0	
-158	250	0.0	0.0	
137	400	0.0	0.0	
-150	0	0.0	0.0	
150	0	0.0	0.0	
-163	400	0.0	0.0	
142	250	0.0	0.0	
-155	150	0.0	0.0	
134	500	0.0	0.0	
147	100	0.0	0.0	
-160	300	0.0	0.0	
139	350	0.0	0.0	
-152	50	0.0	0.0	
-165	450	0.0	0.0	
144	200	0.0	0.0	
-157	200	0.0	0.0	
136	450	0.0	0.0	
149	50	0.0	0.0	
-162	350	0.0	0.0	
141	300	0.0	0.0	
-154	100	0.0	0.0	
-167	500	0.0	0.0	
146	150	0.0	0.0	
-159	250	0.0	0.0	
138	400	0.0	0.0	
-151	0	0.0	0.0	
151	0	0.0	0.0	
-164	400	0.0	0.0	
143	250	0.0	0.0	
-156	150	0.0	0.0	
135	500	0.0	0.0	
148	100	0.0	0.0	
-161	300	0.0	0.0	
140	350	0.0	0.0	
-153	50	0.0	0.0	
-166	450	0.0	0.0	
145	200	0.0	0.0	
-158	200	0.0	0.0	
137	450	0.0	0.0	
150	50	0.0	0.0	
-163	350	0.0	0.0	
142	300	0.0	0.0	
-155	100	0.0	0.0	
-168	500	0.0	0.0	
147	150	0.0	0.0	
-160	250	0.0	0.0	
139	400	0.0	0.0	
-152	0	0.0	0.0	
152	0	0.0	0.0	
-165	400	0.0	0.0	
144	250	0.0	0.0	
-157	150	0.0	0.0	
136	500	0.0	0.0	
149	100	0.0	0.0	
-162	300	0.0	0.0	
141	350	0.0	0.0	
-154	50	0.0	0.0	
-167	450	0.0	0.0	
146	200	0.0	0.0	
-159	200	0.0	0.0	
138	450	0.0	0.0	
151	50	0.0	0.0	
-164	350	0.0	0.0	
143	300	0.0	0.0	
-156	100	0.0	0.0	
-169	500	0.0	0.0	
148	150	0.0	0.0	
-161	250	0.0	0.0	
140	400	0.0	0.0	
-153	0	0.0	0.0	
153	0	0.0	0.0	
-166	400	0.0	0.0	
145	250	0.0	0.0	
-158	150	0.0	0.0	
137	500	0.0	0.0	
150	100	0.0	0.0	
-163	300	0.0	0.0	
142	350	0.0	0.0	
-155	50	0.0	0.0	
-168	450	0.0	0.0	
147	200	0.0	0.0	
-160	200	0.0	0.0	
139	450	0.0	0.0	
152	50	0.0	0.0	
-165	350	0.0	0.0	
144	300	0.0	0.0	
-157	100	0.0	0.0	
-170	500	0.0	0.0	
149	150	0.0	0.0	
-162	250	0.0	0.0	
141	400	0.0	0.0	
-154	0	0.0	0.0	
154	0	0.0	0.0	
-167	400	0.0	0.0	
146	250	0.0	0.0	
-159	150	0.0	0.0	
138	500	0.0	0.0	
151	100	0.0	0.0	
-164	300	0.0	0.0	
143	350	0.0	0.0	
-156	50	0.0	0.0	
-169	450	0.0	0.0	
148	200	0.0	0.0	
-161	200	0.0	0.0	
140	450	0.0	0.0	
153	50	0.0	0.0	
-166	350	0.0	0.0	
145	300	0.0	0.0	
-158	100	0.0	0.0	
-171	500	0.0	0.0	
150	150	0.0	0.0	
-163	250	0.0	0.0	
142	400	0.0	0.0	
-155	0	0.0	0.0	
155	0	0.0	0.0	
-168	400	0.0	0.0	
147	250	0.0	0.0	
-160	150	0.0	0.0	
139	500	0.0	0.0	
152	100	0.0	0.0	
-165	300	0.0	0.0	
144	350	0.0	0.0	
-157	50	0.0	0.0	
-170	450	0.0	0.0	
149	200	0.0	0.0	
-162	200	0.0	0.0	
141	450	0.0	0.0	
154	50	0.0	0.0	
-167	350	0.0	0.0	
146	300	0.0	0.0	
-159	100	0.0	0.0	
-172	500	0.0	0.0	
151	150	0.0	0.0	
-164	250	0.0	0.0	
143	400	0.0	0.0	
-156	0	0.0	0.0	
156	0	0.0	0.0	
-169	400	0.0	0.0	
148	250	0.0	0.0	
-161	150	0.0	0.0	
140	500	0.0	0.0	
153	100	0.0	0.0	
-166	300	0.0	0.0	
145	350	0.0	0.0	
-158	50	0.0	0.0	
-171	450	0.0	0.0	
150	200	0.0	0.0	
-163	200	0.0	0.0	
142	450	0.0	0.0	
155	50	0.0	0.0	
-168	350	0.0	0.0	
147	300	0.0	0.0	
-160	100	0.0	0.0	
-173	500	0.0	0.0	
152	150	0.0	0.0	
-165	250	0.0	0.0	
144	400	0.0	0.0	
-157	0	0.0	0.0	
157	0	0.0	0.0	
-170	400	0.0	0.0	
149	250	0.0	0.0	
-162	150	0.0	0.0	
141	500	0.0	0.0	
154	100	0.0	0.0	
-167	300	0.0	0.0	
146	350	0.0	0.0	
-159	50	0.0	0.0	
-172	450	0.0	0.0	
151	200	0.0	0.0	
-164	200	0.0	0.0	
143	450	0.0	0.0	
156	50	0.0	0.0	
-169	350	0.0	0.0	
148	300	0.0	0.0	
-161	100	0.0	0.0	
-174	500	0.0	0.0	
153	150	0.0	0.0	
-166	250	0.0	0.0	
145	400	0.0	0.0	
-158	0	0.0	0.0	
158	0	0.0	0.0	
-171	400	0.0	0.0	
150	250	0.0	0.0	
-163	150	0.0	0.0	
142	500	0.0	0.0	
155	100	0.0	0.0	
-168	300	0.0	0.0	
147	350	0.0	0.0	
-160	50	0.0	0.0	
-173	450	0.0	0.0	
152	200	0.0	0.0	
-165	200	0.0	0.0	
144	450	0.0	0.0	
157	50	0.0	0.0	
-170	350	0.0	0.0	
149	300	0.0	0.0	
-162	100	0.0	0.0	
-175	500	0.0	0.0	
154	150	0.0	0.0	
-167	250	0.0	0.0	
146	400	0.0	0.0	
-159	0	0.0	0.0	
159	0	0.0	0.0	
-172	400	0.0	0.0	
151	250	0.0	0.0	
-164	150	0.0	0.0	
143	500	0.0	0.0	
156	100	0.0	0.0	
-169	300	0.0	0.0	
148	350	0.0	0.0	
-161	50	0.0	0.0	
-174	450	0.0	0.0	
153	200	0.0	0.0	
-166	200	0.0	0.0	
145	450	0.0	0.0	
158	50	0.0	0.0	
-171	350	0.0	0.0	
150	300	0.0	0.0	
-163	100	0.0	0.0	
-176	500	0.0	0.0	
155	150	0.0	0.0	
-168	250	0.0	0.0	
147	400	0.0	0.0	
-160	0	0.0	0.0	
160	0	0.0	0.0	
-173	400	0.0	0.0	
152	250	0.0	0.0	
-165	150	0.0	0.0	
144	500	0.0	0.0	
157	100	0.0	0.0	
-170	300	0.0	0.0	
149	350	0.0	0.0	
-162	50	0.0	0.0	
-175	450	0.0	0.0	
154	200	0.0	0.0	
-167	200	0.0	0.0	
146	450	0.0	0.0	
159	50	0.0	0.0	
-172	350	0.0	0.0	
151	300	0.0	0.0	
-164	100	0.0	0.0	
-177	500	0.0	0.0	
156	150	0.0	0.0	
-169	250	0.0	0.0	
148	400	0.0	0.0	
-161	0	0.0	0.0	
161	0	0.0	0.0	
-174	400	0.0	0.0	
153	250	0.0	0.0	
-166	150	0.0	0.0	
145	500	0.0	0.0	
158	100	0.0	0.0	
-171	300	0.0	0.0	
150	350	0.0	0.0	
-163	50	0.0	0.0	
-176	450	0.0	0.0	
155	200	0.0	0.0	
-168	200	0.0	0.0	
147	450	0.0	0.0	
160	50	0.0	0.0	
-173	350	0.0	0.0	
152	300	0.0	0.0	
-165	100	0.0	0.0	
-178	500	0.0	0.0	
157	150	0.0	0.0	
-170	250	0.0	0.0	
149	400	0.0	0.0	
-162	0	0.0	0.0	
162	0	0.0	0.0	
-175	400	0.0	0.0	
154	250	0.0	0.0	
-167	150	0.0	0.0	
146	500	0.0	0.0	
159	100	0.0	0.0	
-172	300	0.0	0.0	
151	350	0.0	0.0	
-164	50	0.0	0.0	
-177	450	0.0	0.0	
156	200	0.0	0.0	
-169	200	0.0	0.0	
148	450	0.0	0.0	
161	50	0.0	0.0	
-174	350	0.0	0.0	
153	300	0.0	0.0	
-166	100	0.0	0.0	
-179	500	0.0	0.0	
158	150	0.0	0.0	
-171	250	0.0	0.0	
150	400	0.0	0.0	
-163	0	0.0	0.0	
163	0	0.0	0.0	
-176	400	0.0	0.0	
155	250	0.0	0.0	
-168	150	0.0	0.0	
147	500	0.0	0.0	
160	100	0.0	0.0	
-173	300	0.0	0.0	
152	350	0.0	0.0	
-165	50	0.0	0.0	
-178	450	0.0	0.0	
157	200	0.0	0.0	
-170	200	0.0	0.0	
149	450	0.0	0.0	
162	50	0.0	0.0	
-175	350	0.0	0.0	
154	300	0.0	0.0	
-167	100	0.0	0.0	
-180	500	0.0	0.0	
159	150	0.0	0.0	
-172	250	0.0	0.0	
151	400	0.0	0.0	
-164	0	0.0	0.0	
164	0	0.0	0.0	
-177	400	0.0	0.0	
156	250	0.0	0.0	
-169	150	0.0	0.0	
148	500	0.0	0.0	
161	100	0.0	0.0	
-174	300	0.0	0.0	
153	350	0.0	0.0	
-166	50	0.0	0.0	
-179	450	0.0	0.0	
158	200	0.0	0.0	
-171	200	0.0	0.0	
150	450	0.0	0.0	
163	50	0.0	0.0	
-176	350	0.0	0.0	
155	300	0.0	0.0	
-168	100	0.0	0.0	
-181	500	0.0	0.0	
160	150	0.0	0.0	
-173	250	0.0	0.0	
152	400	0.0	0.0	
-165	0	0.0	0.0	
165	0	0.0	0.0	
-178	400	0.0	0.0	
157	250	0.0	0.0	
-170	150	0.0	0.0	
149	500	0.0	0.0	
162	100	0.0	0.0	
-175	300	0.0	0.0	
154	350	0.0	0.0	
-167	50	0.0	0.0	
-180	450	0.0	0.0	
159	200	0.0	0.0	
-172	200	0.0	0.0	
151	450	0.0	0.0	
164	50	0.0	0.0	
-177	350	0.0	0.0	
156	300	0.0	0.0	
-169	100	0.0	0.0	
-182	500	0.0	0.0	
161	150	0.0	0.0	
-174	250	0.0	0.0	
153	400	0.0	0.0	
-166	0	0.0	0.0	
166	0	0.0	0.0	
-179	400	0.0	0.0	
158	250	0.0	0.0	
-171	150	0.0	0.0	
150	500	0.0	0.0	
163	100	0.0	0.0	
-176	300	0.0	0.0	
155	350	0.0	0.0	
-168	50	0.0	0.0	
-181	450	0.0	0.0	
160	200	0.0	0.0	
-173	200	0.0	0.0	
152	450	0.0	0.0	
165	50	0.0	0.0	
-178	350	0.0	0.0	
157	300	0.0	0.0	
-170	100	0.0	0.0	
-183	500	0.0	0.0	
162	150	0.0	0.0	
-175	250	0.0	0.0	
154	400	0.0	0.0	
-167	0	0.0	0.0	
167	0	0.0	0.0	
-180	400	0.0	0.0	
159	250	0.0	0.0	
-172	150	0.0	0.0	
151	500	0.0	0.0	
164	100	0.0	0.0	
-177	300	0.0	0.0	
156	350	0.0	0.0	
-169	50	0.0	0.0	
-182	450	0.0	0.0	
161	200	0.0	0.0	
-174	200	0.0	0.0	
153	450	0.0	0.0	
166	50	0.0	0.0	
-179	350	0.0	0.0	
158	300	0.0	0.0	
-171	100	0.0	0.0	
-184	500	0.0	0.0	
163	150	0.0	0.0	
-176	250	0.0	0.0	
155	400	0.0	0.0	
-168	0	0.0	0.0	
168	0	0.0	0.0	
-181	400	0.0	0.0	
160	250	0.0	0.0	
-173	150	0.0	0.0	
152	500	0.0	0.0	
165	100	0.0	0.0	
-178	300	0.0	0.0	
157	350	0.0	0.0	
-170	50	0.0	0.0	
-183	450	0.0	0.0	
162	200	0.0	0.0	
-175	200	0.0	0.0	
154	450	0.0	0.0	
167	50	0.0	0.0	
-180	350	0.0	0.0	
159	300	0.0	0.0	
-172	100	0.0	0.0	
-185	500	0.0	0.0	
164	150	0.0	0.0	
-177	250	0.0	0.0	
156	400	0.0	0.0	
-169	0	0.0	0.0	
169	0	0.0	0.0	
-182	400	0.0	0.0	
161	250	0.0	0.0	
-174	150	0.0	0.0	
153	500	0.0	0.0	
166	100	0.0	0.0	
-179	300	0.0	0.0	
158	350	0.0	0.0	
-171	50	0.0	0.0	
-184	450	0.0	0.0	
163	200	0.0	0.0	
-176	200	0.0	0.0	
155	450	0.0	0.0	
168	50	0.0	0.0	
-181	350	0.0	0.0	
160	300	0.0	0.0	
-173	100	0.0	0.0	
-186	500	0.0	0.0	
165	150	0.0	0.0	
-178	250	0.0	0.0	
157	400	0.0	0.0	
-170	0	0.0	0.0	
170	0	0.0	0.0	
-183	400	0.0	0.0	
162	250	0.0	0.0	
-175	150	0.0	0.0	
154	500	0.0	0.0	
167	100	0.0	0.0	
-180	300	0.0	0.0	
159	350	0.0	0.0	
-172	50	0.0	0.0	
-185	450	0.0	0.0	
164	200	0.0	0.0	
-177	200	0.0	0.0	
156	450	0.0	0.0	
169	50	0.0	0.0	
-182	350	0.0	0.0	
161	300	0.0	0.0	
-174	100	0.0	0.0	
-187	500	0.0	0.0	
166	150	0.0	0.0	
-179	250	0.0	0.0	
158	400	0.0	0.0	
-171	0	0.0	0.0	
171	0	0.0	0.0	
-184	400	0.0	0.0	
163	250	0.0	0.0	
-176	150	0.0	0.0	
155	500	0.0	0.0	
168	100	0.0	0.0	
-181	300	0.0	0.0	
160	350	0.0	0.0	
-173	50	0.0	0.0	
-186	450	0.0	0.0	
165	200	0.0	0.0	
-178	200	0.0	0.0	
157	450	0.0	0.0	
170	50	0.0	0.0	
-183	350	0.0	0.0	
162	300	0.0	0.0	
-175	100	0.0	0.0	
-188	500	0.0	0.0	
167	150	0.0	0.0	
-180	250	0.0	0.0	
159	400	0.0	0.0	
-172	0	0.0	0.0	
172	0	0.0	0.0	
-185	400	0.0	0.0	
164	250	0.0	0.0	
-177	150	0.0	0.0	
156	500	0.0	0.0	
169	100	0.0	0.0	
-182	300	0.0	0.0	
161	350	0.0	0.0	
-174	50	0.0	0.0	
-187	450	0.0	0.0	
166	200	0.0	0.0	
-179	200	0.0	0.0	
158	450	0.0	0.0	
171	50	0.0	0.0	
-184	350	0.0	0.0	
163	300	0.0	0.0	
-176	100	0.0	0.0	
-189	500	0.0	0.0	
168	150	0.0	0.0	
-181	250	0.0	0.0	
160	400	0.0	0.0	
-173	0	0.0	0.0	
173	0	0.0	0.0	
-186	400	0.0	0.0	
165	250	0.0	0.0	
-178	150	0.0	0.0	
157	500	0.0	0.0	
170	100	0.0	0.0	
-183	300	0.0	0.0	
162	350	0.0	0.0	
-175	50	0.0	0.0	
-188	450	0.0	0.0	
167	200	0.0	0.0	
-180	200	0.0	0.0	
159	450	0.0	0.0	
172	50	0.0	0.0	
-185	350	0.0	0.0	
164	300	0.0	0.0	
-177	100	0.0	0.0	
-190	500	0.0	0.0	
169	150	0.0	0.0	
-182	250	0.0	0.0	
161	400	0.0	0.0	
-174	0	0.0	0.0	
174	0	0.0	0.0	
-187	400	0.0	0.0	
166	250	0.0	0.0	
-179	150	0.0	0.0	
158	500	0.0	0.0	
171	100	0.0	0.0	
-184	300	0.0	0.0	
163	350	0.0	0.0	
-176	50	0.0	0.0	
-189	450	0.0	0.0	
168	200	0.0	0.0	
-181	200	0.0	0.0	
160	450	0.0	0.0	
173	50	0.0	0.0	
-186	350	0.0	0.0	
165	300	0.0	0.0	
-178	100	0.0	0.0	
-191	500	0.0	0.0	
170	150	0.0	0.0	
-183	250	0.0	0.0	
162	400	0.0	0.0	
-175	0	0.0	0.0	
175	0	0.0	0.0	
-188	400	0.0	0.0	
167	250	0.0	0.0	
-180	150	0.0	0.0	
159	500	0.0	0.0	
172	100	0.0	0.0	
-185	300	0.0	0.0	
164	350	0.0	0.0	
-177	50	0.0	0.0	
-190	450	0.0	0.0	
169	200	0.0	0.0	
-182	200	0.0	0.0	
161	450	0.0	0.0	
174	50	0.0	0.0	
-187	350	0.0	0.0	
166	300	0.0	0.0	
-179	100	0.0	0.0	
-192	500	0.0	0.0	
171	150	0.0	0.0	
-184	250	0.0	0.0	
163	400	0.0	0.0	
-176	0	0.0	0.0	
176	0	0.0	0.0	
-189	400	0.0	0.0	
168	250	0.0	0.0	
-181	150	0.0	0.0	
160	500	0.0	0.0	
173	100	0.0	0.0	
-186	300	0.0	0.0	
165	350	0.0	0.0	
-178	50	0.0	0.0	
-191	450	0.0	0.0	
170	200	0.0	0.0	
-183	200	0.0	0.0	
162	450	0.0	0.0	
175	50	0.0	0.0	
-188	350	0.0	0.0	
167	300	0.0	0.0	
-180	100	0.0	0.0	
-193	500	0.0	0.0	
172	150	0.0	0.0	
-185	250	0.0	0.0	
164	400	0.0	0.0	
-177	0	0.0	0.0	
177	0	0.0	0.0	
-190	400	0.0	0.0	
169	250	0.0	0.0	
-182	150	0.0	0.0	
161	500	0.0	0.0	
174	100	0.0	0.0	
-187	300	0.0	0.0	
166	350	0.0	0.0	
-179	50	0.0	0.0	
-192	450	0.0	0.0	
171	200	0.0	0.0	
-184	200	0.0	0.0	
163	450	0.0	0.0	
176	50	0.0	0.0	
-189	350	0.0	0.0	
168	300	0.0	0.0	
-181	100	0.0	0.0	
-194	500	0.0	0.0	
173	150	0.0	0.0	
-186	250	0.0	0.0	
165	400	0.0	0.0	
-178	0	0.0	0.0	
178	0	0.0	0.0	
-191	400	0.0	0.0	
170	250	0.0	0.0	
-183	150	0.0	0.0	
162	500	0.0	0.0	
175	100	0.0	0.0	
-188	300	0.0	0.0	
167	350	0.0	0.0	
-180	50	0.0	0.0	
-193	450	0.0	0.0	
172	200	0.0	0.0	
-185	200	0.0	0.0	
164	450	0.0	0.0	
177	50	0.0	0.0	
-190	350	0.0	0.0	
169	300	0.0	0.0	
-182	100	0.0	0.0	
-195	500	0.0	0.0	
174	150	0.0	0.0	
-187	250	0.0	0.0	
166	400	0.0	0.0	
-179	0	0.0	0.0	
179	0	0.0	0.0	
-192	400	0.0	0.0	
171	250	0.0	0.0	
-184	150	0.0	0.0	
163	500	0.0	0.0	
176	100	0.0	0.0	
-189	300	0.0	0.0	
168	350	0.0	0.0	
-181	50	0.0	0.0	
-194	450	0.0	0.0	
173	200	0.0	0.0	
-186	200	0.0	0.0	
165	450	0.0	0.0	
178	50	0.0	0.0	
-191	350	0.0	0.0	
170	300	0.0	0.0	
-183	100	0.0	0.0	
-196	500	0.0	0.0	
175	150	0.0	0.0	
-188	250	0.0	0.0	
167	400	0.0	0.0	
-180	0	0.0	0.0	
180	0	0.0	0.0	
-193	400	0.0	0.0	
172	250	0.0	0.0	
-185	150	0.0	0.0	
164	500	0.0	0.0	
177	100	0.0	0.0	
-190	300	0.0	0.0	
169	350	0.0	0.0	
-182	50	0.0	0.0	
-195	450	0.0	0.0	
174	200	0.0	0.0	
-187	200	0.0	0.0	
166	450	0.0	0.0	
179	50	0.0	0.0	
-192	350	0.0	0.0	
171	300	0.0	0.0	
-184	100	0.0	0.0	
-197	500	0.0	0.0	
176	150	0.0	0.0	
-189	250	0.0	0.0	
168	400	0.0	0.0	
-181	0	0.0	0.0	
181	0	0.0	0.0	
-194	400	0.0	0.0	
173	250	0.0	0.0	
-186	150	0.0	0.0	
165	500	0.0	0.0	
178	100	0.0	0.0	
-191	300	0.0	0.0	
170	350	0.0	0.0	
-183	50	0.0	0.0	
-196	450	0.0	0.0	
175	200	0.0	0.0	
-188	200	0.0	0.0	
167	450	0.0	0.0	
180	50	0.0	0.0	
-193	350	0.0	0.0	
172	300	0.0	0.0	
-185	100	0.0	0.0	
-198	500	0.0	0.0	
177	150	0.0	0.0	
-190	250	0.0	0.0	
169	400	0.0	0.0	
-182	0	0.0	0.0	
182	0	0.0	0.0	
-195	400	0.0	0.0	
174	250	0.0	0.0	
-187	150	0.0	0.0	
166	500	0.0	0.0	
179	100	0.0	0.0	
-192	300	0.0	0.0	
171	350	0.0	0.0	
-184	50	0.0	0.0	
-197	450	0.0	0.0	
176	200	0.0	0.0	
-189	200	0.0	0.0	
168	450	0.0	0.0	
181	50	0.0	0.0	
-194	350	0.0	0.0	
173	300	0.0	0.0	
-186	100	0.0	0.0	
-199	500	0.0	0.0	
178	150	0.0	0.0	
-191	250	0.0	0.0	
170	400	0.0	0.0	
-183	0	0.0	0.0	
183	0	0.0	0.0	
-196	400	0.0	0.0	
175	250	0.0	0.0	
-188	150	0.0	0.0	
167	500	0.0	0.0	
180	100	0.0	0.0	
-193	300	0.0	0.0	
172	350	0.0	0.0	
-185	50	0.0	0.0	
-198	450	0.0	0.0	
177	200	0.0	0.0	
-190	200	0.0	0.0	
169	450	0.0	0.0	
182	50	0.0	0.0	
-195	350	0.0	0.0	
174	300	0.0	0.0	
-187	100	0.0	0.0	
-200	500	0.0	0.0	
179	150	0.0	0.0	
-192	250	0.0	0.0	
171	400	0.0	0.0	
-184	0	0.0	0.0	
184	0	0.0	0.0	
-197	400	0.0	0.0	
176	250	0.0	0.0	
-189	150	0.0	0.0	
168	500	0.0	0.0	
181	100	0.0	0.0	
-194	300	0.0	0.0	
173	350	0.0	0.0	
-186	50	0.0	0.0	
-199	450	0.0	0.0	
178	200	0.0	0.0	
-191	200	0.0	0.0	
170	450	0.0	0.0	
183	50	0.0	0.0	
-196	350	0.0	0.0	
175	300	0.0	0.0	
-188	100	0.0	0.0	
180	150	0.0	0.0	
-193	250	0.0	0.0	
172	400	0.0	0.0	
-185	0	0.0	0.0	
185	0	0.0	0.0	
-198	400	0.0	0.0	
177	250	0.0	0.0	
-190	150	0.0	0.0	
169	500	0.0	0.0	
182	100	0.0	0.0	
-195	300	0.0	0.0	
174	350	0.0	0.0	
-187	50	0.0	0.0	
-200	450	0.0	0.0	
179	200	0.0	0.0	
-192	200	0.0	0.0	
171	450	0.0	0.0	
184	50	0.0	0.0	
-197	350	0.0	0.0	
176	300	0.0	0.0	
-189	100	0.0	0.0	
181	150	0.0	0.0	
-194	250	0.0	0.0	
173	400	0.0	0.0	
-186	0	0.0	0.0	
186	0	0.0	0.0	
-199	400	0.0	0.0	
178	250	0.0	0.0	
-191	150	0.0	0.0	
170	500	0.0	0.0	
183	100	0.0	0.0	
-196	300	0.0	0.0	
175	350	0.0	0.0	
-188	50	0.0	0.0	
180	200	0.0	0.0	
-193	200	0.0	0.0	
172	450	0.0	0.0	
185	50	0.0	0.0	
-198	350	0.0	0.0	
177	300	0.0	0.0	
-190	100	0.0	0.0	
182	150	0.0	0.0	
-195	250	0.0	0.0	
174	400	0.0	0.0	
-187	0	0.0	0.0	
187	0	0.0	0.0	
-200	400	0.0	0.0	
179	250	0.0	0.0	
-192	150	0.0	0.0	
171	500	0.0	0.0	
184	100	0.0	0.0	
-197	300	0.0	0.0	
176	350	0.0	0.0	
-189	50	0.0	0.0	
181	200	0.0	0.0	
-194	200	0.0	0.0	
173	450	0.0	0.0	
186	50	0.0	0.0	
-199	350	0.0	0.0	
178	300	0.0	0.0	
-191	100	0.0	0.0	
183	150	0.0	0.0	
-196	250	0.0	0.0	
175	400	0.0	0.0	
-188	0	0.0	0.0	
188	0	0.0	0.0	
180	250	0.0	0.0	
-193	150	0.0	0.0	
172	500	0.0	0.0	
185	100	0.0	0.0	
-198	300	0.0	0.0	
177	350	0.0	0.0	
-190	50	0.0	0.0	
182	200	0.0	0.0	
-195	200	0.0	0.0	
174	450	0.0	0.0	
187	50	0.0	0.0	
-200	350	0.0	0.0	
179	300	0.0	0.0	
-192	100	0.0	0.0	
184	150	0.0	0.0	
-197	250	0.0	0.0	
176	400	0.0	0.0	
-189	0	0.0	0.0	
189	0	0.0	0.0	
181	250	0.0	0.0	
-194	150	0.0	0.0	
173	500	0.0	0.0	
186	100	0.0	0.0	
-199	300	0.0	0.0	
178	350	0.0	0.0	
-191	50	0.0	0.0	
183	200	0.0	0.0	
-196	200	0.0	0.0	
175	450	0.0	0.0	
188	50	0.0	0.0	
180	300	0.0	0.0	
-193	100	0.0	0.0	
185	150	0.0	0.0	
-198	250	0.0	0.0	
177	400	0.0	0.0	
-190	0	0.0	0.0	
190	0	0.0	0.0	
182	250	0.0	0.0	
-195	150	0.0	0.0	
174	500	0.0	0.0	
187	100	0.0	0.0	
-200	300	0.0	0.0	
179	350	0.0	0.0	
-192	50	0.0	0.0	
184	200	0.0	0.0	
-197	200	0.0	0.0	
176	450	0.0	0.0	
189	50	0.0	0.0	
181	300	0.0	0.0	
-194	100	0.0	0.0	
186	150	0.0	0.0	
-199	250	0.0	0.0	
178	400	0.0	0.0	
-191	0	0.0	0.0	
191	0	0.0	0.0	
183	250	0.0	0.0	
-196	150	0.0	0.0	
175	500	0.0	0.0	
188	100	0.0	0.0	
180	350	0.0	0.0	
-193	50	0.0	0.0	
185	200	0.0	0.0	
-198	200	0.0	0.0	
177	450	0.0	0.0	
190	50	0.0	0.0	
182	300	0.0	0.0	
-195	100	0.0	0.0	
187	150	0.0	0.0	
-200	250	0.0	0.0	
179	400	0.0	0.0	
-192	0	0.0	0.0	
192	0	0.0	0.0	
184	250	0.0	0.0	
-197	150	0.0	0.0	
176	500	0.0	0.0	
189	100	0.0	0.0	
181	350	0.0	0.0	
-194	50	0.0	0.0	
186	200	0.0	0.0	
-199	200	0.0	0.0	
178	450	0.0	0.0	
191	50	0.0	0.0	
183	300	0.0	0.0	
-196	100	0.0	0.0	
188	150	0.0	0.0	
180	400	0.0	0.0	
-193	0	0.0	0.0	
193	0	0.0	0.0	
185	250	0.0	0.0	
-198	150	0.0	0.0	
177	500	0.0	0.0	
190	100	0.0	0.0	
182	350	0.0	0.0	
-195	50	0.0	0.0	
187	200	0.0	0.0	
-200	200	0.0	0.0	
179	450	0.0	0.0	
192	50	0.0	0.0	
184	300	0.0	0.0	
-197	100	0.0	0.0	
189	150	0.0	0.0	
181	400	0.0	0.0	
-194	0	0.0	0.0	
194	0	0.0	0.0	
186	250	0.0	0.0	
-199	150	0.0	0.0	
178	500	0.0	0.0	
191	100	0.0	0.0	
183	350	0.0	0.0	
-196	50	0.0	0.0	
188	200	0.0	0.0	
180	450	0.0	0.0	
193	50	0.0	0.0	
185	300	0.0	0.0	
-198	100	0.0	0.0	
190	150	0.0	0.0	
182	400	0.0	0.0	
-195	0	0.0	0.0	
195	0	0.0	0.0	
187	250	0.0	0.0	
-200	150	0.0	0.0	
179	500	0.0	0.0	
192	100	0.0	0.0	
184	350	0.0	0.0	
-197	50	0.0	0.0	
189	200	0.0	0.0	
181	450	0.0	0.0	
194	50	0.0	0.0	
186	300	0.0	0.0	
-199	100	0.0	0.0	
191	150	0.0	0.0	
183	400	0.0	0.0	
-196	0	0.0	0.0	
196	0	0.0	0.0	
188	250	0.0	0.0	
180	500	0.0	0.0	
193	100	0.0	0.0	
185	350	0.0	0.0	
-198	50	0.0	0.0	
190	200	0.0	0.0	
182	450	0.0	0.0	
195	50	0.0	0.0	
187	300	0.0	0.0	
-200	100	0.0	0.0	
192	150	0.0	0.0	
184	400	0.0	0.0	
-197	0	0.0	0.0	
197	0	0.0	0.0	
189	250	0.0	0.0	
181	500	0.0	0.0	
194	100	0.0	0.0	
186	350	0.0	0.0	
-199	50	0.0	0.0	
191	200	0.0	0.0	
183	450	0.0	0.0	
196	50	0.0	0.0	
188	300	0.0	0.0	
193	150	0.0	0.0	
185	400	0.0	0.0	
-198	0	0.0	0.0	
198	0	0.0	0.0	
190	250	0.0	0.0	
182	500	0.0	0.0	
195	100	0.0	0.0	
187	350	0.0	0.0	
-200	50	0.0	0.0	
192	200	0.0	0.0	
184	450	0.0	0.0	
197	50	0.0	0.0	
189	300	0.0	0.0	
194	150	0.0	0.0	
186	400	0.0	0.0	
-199	0	0.0	0.0	
199	0	0.0	0.0	
191	250	0.0	0.0	
183	500	0.0	0.0	
196	100	0.0	0.0	
188	350	0.0	0.0	
193	200	0.0	0.0	
185	450	0.0	0.0	
198	50	0.0	0.0	
190	300	0.0	0.0	
195	150	0.0	0.0	
187	400	0.0	0.0	
-200	0	0.0	0.0	
200	0	0.0	0.0	
192	250	0.0	0.0	
184	500	0.0	0.0	
197	100	0.0	0.0	
189	350	0.0	0.0	
194	200	0.0	0.0	
186	450	0.0	0.0	
199	50	0.0	0.0	
191	300	0.0	0.0	
196	150	0.0	0.0	
188	400	0.0	0.0	
193	250	0.0	0.0	
185	500	0.0	0.0	
198	100	0.0	0.0	
190	350	0.0	0.0	
195	200	0.0	0.0	
187	450	0.0	0.0	
200	50	0.0	0.0	
192	300	0.0	0.0	
197	150	0.0	0.0	
189	400	0.0	0.0	
194	250	0.0	0.0	
186	500	0.0	0.0	
199	100	0.0	0.0	
191	350	0.0	0.0	
196	200	0.0	0.0	
188	450	0.0	0.0	
193	300	0.0	0.0	
198	150	0.0	0.0	
190	400	0.0	0.0	
195	250	0.0	0.0	
187	500	0.0	0.0	
200	100	0.0	0.0	
192	350	0.0	0.0	
197	200	0.0	0.0	
189	450	0.0	0.0	
194	300	0.0	0.0	
199	150	0.0	0.0	
191	400	0.0	0.0	
196	250	0.0	0.0	
188	500	0.0	0.0	
193	350	0.0	0.0	
198	200	0.0	0.0	
190	450	0.0	0.0	
195	300	0.0	0.0	
200	150	0.0	0.0	
192	400	0.0	0.0	
197	250	0.0	0.0	
189	500	0.0	0.0	
194	350	0.0	0.0	
199	200	0.0	0.0	
191	450	0.0	0.0	
196	300	0.0	0.0	
193	400	0.0	0.0	
198	250	0.0	0.0	
190	500	0.0	0.0	
195	350	0.0	0.0	
200	200	0.0	0.0	
192	450	0.0	0.0	
197	300	0.0	0.0	
194	400	0.0	0.0	
199	250	0.0	0.0	
191	500	0.0	0.0	
196	350	0.0	0.0	
193	450	0.0	0.0	
198	300	0.0	0.0	
195	400	0.0	0.0	
200	250	0.0	0.0	
192	500	0.0	0.0	
197	350	0.0	0.0	
194	450	0.0	0.0	
199	300	0.0	0.0	
196	400	0.0	0.0	
193	500	0.0	0.0	
198	350	0.0	0.0	
195	450	0.0	0.0	
200	300	0.0	0.0	
197	400	0.0	0.0	
194	500	0.0	0.0	
199	350	0.0	0.0	
196	450	0.0	0.0	
198	400	0.0	0.0	
195	500	0.0	0.0	
200	350	0.0	0.0	
197	450	0.0	0.0	
199	400	0.0	0.0	
196	500	0.0	0.0	
198	450	0.0	0.0	
200	400	0.0	0.0	
197	500	0.0	0.0	
199	450	0.0	0.0	
198	500	0.0	0.0	
200	450	0.0	0.0	
199	500	0.0	0.0	
200	500	0.0	0.0	
